/*--------------------------------*- C++ -*----------------------------------*\
| =========                 |                                                 |
| \\      /  F ield         | OpenFOAM: The Open Source CFD Toolbox           |
|  \\    /   O peration     | Version:  2112                                  |
|   \\  /    A nd           | Website:  www.openfoam.com                      |
|    \\/     M anipulation  |                                                 |
\*---------------------------------------------------------------------------*/
FoamFile
{
    version     2.0;
    format      ascii;
    arch        "LSB;label=32;scalar=64";
    class       pointScalarField;
    location    "0";
    object      motionScale;
}
// * * * * * * * * * * * * * * * * * * * * * * * * * * * * * * * * * * * * * //

dimensions      [0 0 0 0 0 0 0];

internalField   nonuniform List<scalar> 
24440
(
0
0
0
0
0
0
0
0
0
0
0
0
0
0
0
0
0
0
0
0
0
0
0
0
0
0
0
0
0
0
0
0
0
0
0
0
0
0
0
0
0
0
0
0
0
0
0
0
0
0
0
0
0
0
0
0
0
0
0
0
0
0
0
0
0
0
0
0
0
0
0
0
0
0
0
0
0
0
0
0
0
0
0
0
0
0
0
0
0
0
0
0
0
0
0
0
0
0
0
0
0
0
0
0
0
0
0
0
0
0
0
0
0
0
0
0
0
0
0
0
0
0
0
0
0
0
0
0
0
0
0
0
0
0
0
0
0
0
0
0
0
0
0
0
0
0
0
0
0
0
0
0
0
0
0
0
0
0
0
0
0
0
0
0
0
0
0
0
0
0
0
0
0
0
0
0
0
0
0
0
0
0
0
0
0
0
0
0
0
0
0
0
0
0
0
0
0
0
0
0
0
0
0
0
0
0
0
0
0
0
0
0
0
0
0
0
0
0
0
0
0
0
0
0
0
0
0
0
0
0
0
0
0
0
0
0
0
0
0
0
0
0
0
0
0
0
0
0
0
0
0
0
0
0
0
0
0
0
0
0
0
0
0
0
0
0
0
0
0
0
0
0
0
0
0
0
0
0
0
0
0
0
0
0
0
0
0
0
0
0
0
0
0
0
0
0
0
0
0
0
0
0
0
0
0
0
0
0
0
0
0
0
0
0
0
0
0
0
0
0
0
0
0
0
0
0
0
0
0
0
0
0
0
0
0
0
0
0
0
0
0
0
0
0
0
0
0
0
0
0
0
0
0
0
0
0
0
0
0
0
0
0
0
0
0
0
0
0
0
0
0
0
0
0
0
0
0
0
0
0
0
2.01055e-05
0
0
0.00289227
0.00878569
0
0
0.012546
0.00878569
0
0
0.00289227
2.01055e-05
0
0
0
0
0
0
0
0
0
0
0
0
0
0
0
0
0
0
0
0
0
0
0
0
0
0
0
0
0
0
0
0
0
0
0
0
0
0
0
0
0
0
0
0
0
0
0
0
0
0
0
0
0
0
0
0
0
0
0
0
0
0.000992588
0.0354633
0.0699834
0.0107787
0.0737823
0.194351
0.234867
0.104103
0.175536
0.338593
0.366981
0.198317
0.224608
0.399793
0.393636
0.219943
0.175536
0.338593
0.312928
0.157253
0.0737823
0.194351
0.153159
0.0508439
0.000992588
0.0354633
0.0151151
0
0
0
0
0
0
0
0
0
0
0
0
0
0
0
0
0
0
0
0
0
0
0
0
0
0
0
0
0
0
0
0
0
0
0
0
0
0
0
0
0
0
0
0
0
0
0
0
0
0
0
0.00449335
0
0.0794131
0.116723
0.15281
0.109255
0.376734
0.445125
0.493208
0.421782
0.685308
0.755292
0.788435
0.716038
0.856984
0.915301
0.923821
0.866833
0.904725
0.953106
0.952275
0.903577
0.856984
0.915301
0.903598
0.843681
0.685308
0.755292
0.728176
0.649421
0.376734
0.445125
0.405646
0.331108
0.0794131
0.116723
0.158065
0.085328
0.0320285
0
0
0.0046441
0
0
0
0
0
0
0
0
0
0
0
0
0
0
0
0
0
0
0
0
0
0
0
0
0
0
0
0
0
0
0
0
0
0
0
0
0
0
0
0
0.0160381
0
0.0626772
0.101112
0.193561
0.137579
0.461174
0.511077
0.571133
0.519336
0.87586
0.910765
0.940585
0.909101
1
1
1
1
1
1
1
1
1
1
1
1
1
1
1
1
1
1
1
1
0.87586
0.910765
0.872361
0.836899
0.461174
0.511075
0.556184
0.425548
0.344508
0.0611603
0.106243
0.15022
0.0143748
0
0
0
0
0
0
0
0
0
0
0
0
0
0
0
0
0
0
0
0
0
0
0
0
0
0
0
0
0
0
0
0
0
0
0
0
0
0
0
0.0728192
0.0468198
0.230524
0.257002
0.385341
0.354841
0.74895
0.769076
0.824099
0.804698
1
1
1
1
1
1
1
1
1
1
1
1
1
1
1
1
1
0.999389
0.997249
0.74895
0.769076
0.782533
0.661009
0.621077
0.230173
0.257387
0.276176
0.0728192
0.0501167
0
0
0
0
0
0
0
0
0
0
0
0
0
0
0
0
0
0
0
0
0
0
0
0
0
0
0
0
0
0
0
0
0
0
0
0
0
0
0.0502044
0.0725183
0.275913
0.261121
0.390526
0.408335
0.805154
0.798385
0.851087
0.85747
1
1
1
1
1
1
1
1
1
1
1
1
1
1
1
1
0.805154
0.792884
0.786206
0.664588
0.677793
0.270017
0.26066
0.233437
0.0518035
0.0690623
0
0
0
0
0
0
0
0
0
0
0
0
0
0
0
0
0
0
0
0
0
0
0
0
0
0
0
0
0
0
0
0
0
0
0
0
0
0
1.33615e-05
0.019144
0.156605
0.110042
0.201509
0.263802
0.640049
0.607208
0.667704
0.704869
0.982103
0.967085
0.985031
0.994416
1
1
1
1
1
1
1
1
0.982103
0.964897
0.941423
0.962391
0.640049
0.607208
0.564237
0.440348
0.514667
0.156605
0.110042
0.0680223
1.33615e-05
0.019144
0
0
0
0
0
0
0
0
0
0
0
0
0
0
0
0
0
0
0
0
0
0
0
0
0
0
0
0
0
0
0
0
0
0
0
0
0
0
0
0
0.00682891
0
0.00871807
0.0403429
0.265771
0.212244
0.260631
0.309961
0.677795
0.614149
0.660228
0.724047
0.940628
0.896423
0.915676
0.956522
0.999995
0.991743
0.994965
1
1
1
1
1
1
0.999995
0.991743
0.987222
0.999487
0.999867
0.940628
0.896423
0.872994
0.92041
0.677795
0.614149
0.565158
0.62801
0.270389
0.220467
0.168114
0.0987435
0.175167
0.00485544
0
0
0
0
0
0
0
0
0
0
0
0
0
0
0
0
0
0
0
0
0
0
0
0
0
0
0
0
0
0
0
0
0
0
0
0
0
0
0
0
0
0
0
0
0
0
0
0
0
0
0.000897408
0
0
0.0148931
0.136461
0.0469725
0.0765842
0.19256
0.370483
0.213002
0.25405
0.423359
0.547822
0.358427
0.388409
0.574483
0.61137
0.421849
0.413178
0.602782
0.547822
0.358427
0.318306
0.507535
0.370483
0.213002
0.16747
0.309671
0.136461
0.0469725
0.0199487
0.0847026
0.000897408
0
0
0
0
0
0
0
0
0
0
0
0
0
0
0
0
0
0
0
0
0
0
0
0
0
0
0
0
0
0
0
0
0
0
0
0
0
0
0
0
0
0
0
0
0
0
0
0
0
0
0
0
0
0
0
0
0
0
0
0
0
0
0.00711867
0
0
0.011484
0.0180245
0
0
0.0157598
0.00711867
0
0
0.00278515
0
0
0
0
0
0
0
0
0
0
0
0
0
0
0
0
0
0
0
0
0
0
0
0
0
0
0
0
0
0
0
0
0
0
0
0
0
0
0
0
0
0
0
0
0
0
0
0
0
0
0
0
0
0
0
0
0
0
0
0
0
0
0
0
0
0
0
0
0
0
0
0
0
0
0
0
0
0
0
0
0
0
0
0
0
0
0
0
0
0
0
0
0
0
0
0
0
0
0
0
0
0
0
0
0
0
0
0
0
0
0
0
0
0
0
0
0
0
0
0
0
0
0
0
0
0
0
0
0
0
0
0
0
0
0
0
0
0
0
0
0
0
0
0
0
0
0
0
0
0
0
0
0
0
0
0
0
0
0
0
0
0
0
0
0
0
0
0
0
0
0
0
0
0
0
0
0
0
0
0
0
0
0
0
0
0
0
0
0
0
0
0
0
0
0
0
0
0
0
0
0
0
0
0
0
0
0
0
0
0
0
0
0
0
0
0
0
0
0
0
0
0
0
0
0
0
0
0
0
0
0
0
0
0
0
0
0
0
0
0
0
0
0
0
0
0
0
0
0
0
0
0
0
0
0
0
0
0
0
0
0
0
0
0
0
0
0
0
0
0
0
0
0
0
0
0
0
0
0
0
0
0
0
0
0
0
0
0
0
0
0
0
0
0
0
0
0
0
0
0
0
0
0
0
0
0
0
0
0
0
0
0
0
0
0
0
0
0
0
0
0
0
0
0
0
0
0
0
0
0
0
0
0
0
0
0
0
0
0
0
0
0
0
0
0
0
0
0
0
0
0
0
0
0
0
0
0
0
0
0
0
0
0
0
0
0
0
0
0
0
0
0
0
0
0
0
0
0
0
0
0
0
0
0
0
0
0
0
0
0
0
0
0
0
0
0
0
0
0
0
0
0
0
0
0
0
0
0
0
0
0
0
0
0
0
0
0
0
0
0
0
0
0
0
0
0
0
0
0
0
0
0
0
0
0
0
0
0
0
0
0
0
0
0
0
0
0
0
0
0
0
0
0
0
0
0
0
0
0
0
0
0
0
0
0
0
0
0
0
0
0
0
0
0
0
0
0
0
0
0
0
0
0
0
0
0
0
0
0
0
0
0
0
0
0
0
0
0
0
0
0
0
0
0
0
0
0
0
0
0
0
0
0
0
0
0
0
0
0
0
0
0
0
0
0
0
0
0
0
0
0
0
0
0
0
0
0
0
0
0
0
0
0
0
0
0
0
0
0
0
0
0
0
0
0
0
0
0
0
0
0
0
0
0
0
0
0
0
0
0
0
0
0
0
0
0
0
0
0
0
0
0
0
0
0
0
0
0
0
0
0
0
0
0
0
0
0
0
0
0
0
0
0
0
0
0
0
0
0
0
0
0
0
0
0
0
0
0
0
0
0
0
0
0
0
0
0
0
0
0
0
0
0
0
0
0
0
0
0
0
0
0
0
0
0
0
0
0
0
0
0
0
0
0
0
0
0
0
0
0
0
0
0
0
0
0
0
0
0
0
0
0
0
0
0
0
0
0
0
0
0
0
0
0
0
0
0
0
0
0
0
0
0
0
0
0
0
0
0
0
0
0
0
0
0
0
0
0
0
0
0
0
0
0
0
0
0
0
0
0
0
0
0
0
0
0
0
0
0
0
0
0
0
0
0
0
0
0
0
0
0
0
0
0
0
0
0
0
0
0
0
0
0
0
0
0
0
0
0
0
0
0
0
0
0
0
0
0
0
0
0
0
0
0
0
0
0
0
0
0
0
0
0
0
0
0
0
0
0
0
0
0
0
0
0
0
0
0
0
0
0
0
0
0
0
0
0
0
0
0
0
0
0
0
0
0
0
0
0
0
0
0
0
0
0
0
0
0
0
0
0
0
0
0
0
0
0
0
0
0
0
0
0
0
0
0
0
0
0
0
0
0
0
0
0
0
0
0
0
0
0
0
0
0
0
0
0
0
0
0
0
0
0
0
0
0
0
0
0
0
0
0
0
0
0
0
0
0
0
0
0
0
0
0
0
0
0
0
0
0
0
0
0
0
0
0
0
0
0
0
0
0
0
0
0
0
0
0
0
0
0
0
0
0
0
0
0
0
0
0
0
0
0
0
0
0
0
0
0
0
0
0
0
0
0
0
0
0
0
0
0
0
0
0
0
0
0
0
0
0
0
0
0
0
0
0
0
0
0
0
0
0
0
0
0
0
0
0
0
0
0
0
0
0
0
0
0
0
0
0
0
0
0
0
0
0
0
0
0
0
0
0
0
0
0
0
0
0
0
0
0
0
0
0
0
0
0
0
0
0
0
0
0
0
0
0
0
0
0
0
0
0
0
0
0
0
0
0
0
0
0
0
0
0
0
0
0
0
0
0
0
0
0
0
0
0
0
0
0
0
0
0
0
0
0
0
0
0
0
0
0
0
0
0
0
0
0
0
0
0
0
0
0
0
0
0
0
0
0
0
0
0
0
0
0
0
0
0
0
0
0
0
0
0
0
0
0
0
0
0
0
0
0
0
0
0
0
0
0
0
0
0
0
0
0
0
0
0
0
0
0
0
0
0
0
0
0
0
0
0
0
0
0
0
0
0
0
0
0
0
0
0
0
0
0
0
0
0
0
0
0
0
0
0
0
0
0
0
0
0
0
0
0
0
0
0
0
0
0
0
0
0
0
0
0
0
0
0
0
0
0
0
0
0
0
0
0
0
0
0
0
0
0
0
0
0
0
0
0
0
0
0
0
0
0
0
0
0
0
0
0
0
0
0
0
0
0
0
0
0
0
0
0
0
0
0
0
0
0
0
0
0
0
0
0
0
0
0
0
0
0
0
0
0
0
0
0
0
0
0
0
0
0
0
0
0
0
0
0
0
0
0
0
0
0
0
0
0
0
0
0
0
0
0
0
0
0
0
0
0
0
0
0
0
0
0
0
0
0
0
0
0
0
0
0
0
0
0
0
0
0
0
0
0
0
0
0
0
0
0
0
0
0
0
0
0
0
0
0
0
0
0
0
0
0
0
0
0
0
0
0
0
0
0
0
0
0
0
0
0
0
0
0
0
0
0
0
0
0
0
0
0
0
0
0
0
0
0
0
0
0
0
0
0
0
0
0
0
0
0
0
0
0
0
0
0
0
0
0
0
0
0
0
0
0
0
0
0
0
0
0
0
0
0
0
0
0
0
0
0
0
0
0
0
0
0
0
0
0
0
0
0
0
0
0
0
0
0
0
0
0
0
0
0
0
0
0
0
0
0
0
0
0
0
0
0
0
0
0
0
0
0
0
0
0
0
0
0
0
0
0
0
0
0
0
0
0
0
0
0
0
0
0
0
0
0
0
0
0
0
0
0
0
0
0
0
0
0
0
0
0
0
0
0
0
0
0
0
0
0
0
0
0
0
0
0
0
0
0
0
0
0
0
0
0
0
0
0
0
0
0
0
0
0
0
0
0
0
0
0
0
0
0
0
0
0
0
0
0
0
0
0
0
0
0
0
0
0
0
0
0
0
0
0
0
0
0
0
0
0
0
0
0
0
0
0
0
0
0
0
0
0
0
0
0
0
0
0
0
0
0
0
0
0
0
0
0
0
0
0
0
0
0
0
0
0
0
0
0
0
0
0
0
0
0
0
0
0
0
0
0
0
0
0
0
0
0
0
0
0
0
0
0
0
0
0
0
0
0
0
0
0
0
0
0
0
0
0
0
0
0
0
0
0
0
0
0
0
0
0
0
0
0
0
0
0
0
0
0
0
0
0
0
0
0
0
0
0
0
0
0
0
0
0
0
0
0
0
0
0
0
0
0
0
0
0
0
0
0
0
0
0
0
0
0
0
0
0
0
0
0
0
0
0
0
0
0
0
0
0
0
0
0
0
0
0
0
0
0
0
0
0
0
0
0
0
0
0
0
0
0
0
0
0
0
0
0
0
0
0
0
0
0
0
0
0
0
0
0
0
0
0
0
0
0
0
0
0
0
0
0
0
0
0
0
0
0
0
0
0
0
0
0
0
0
0
0
0
0
0
0
0
0
0
0
0
0
0
0
0
0
0
0
0
0
0
0
0
0
0
0
0
0
0
0
0
0
0
0
0
0
0
0
0
0
0
0
0
0
0
0
0
0
0
0
0
0
0
0
0
0
0
0
0
0
0
0
0
0
0
0
0
0
0
0
0
0
0
0
0
0
0
0
0
0
0
0
0
0
0
0
0
0
0
0
0
0
0
0
0
0
0
0
0
0
0
0
0
0
0
0
0
0
0
0
0
0
0
0
0
0
0
0
0
0
0
0
0
0
0
0
0
0
0
0
0
0
0
0
0
0
0
0
0
0
0
0
0
0
0
0
0
0
0
0
0
0
0
0
0
0
0
0
0
0
0
0
0
0
0
0
0
0
0
0
0
0
0
0
0
0
0
0
0
0
0
0
0
0
0
0
0
0
0
0
0
0
0
0
0
0
0
0
0
0
0
0
0
0
0
0
0
0
0
0
0
0
0
0
0
0
0
0
0
0
0
0
0
0
0
0
0
0
0
0
0
0
0
0
0
0
0
0
0
0
0
0
0
0
0
0
0
0
0
0
0
0
0
0
0
0
0
0
0
0
0
0
0
0
0
0
0
0
0
0
0
0
0
0
0
0
0
0
0
0
0
0
0
0
0
0
0
0
0
0
0
0
0
0
0
0
0
0
0
0
0
0
0
0
0
0
0
0
0
0
0
0
0
0
0
0
0
0
0
0
0
0
0
0
0
0
0
0
0
0
0
0
0
0
0
0
0
0
0
0
0
0
0
0
0
0
0
0
0
0
0
0
0
0
0
0
0
0
0
0
0
0
0
0
0
0
0
0
0
0
0
0
0
0
0
0
0
0
0
0
0
0
0
0
0
0
0
0
0
0
0
0
0
0
0
0
0
0
0
0
0
0
0
0
0
0
0
0
0
0
0
0
0
0
0
0
0
0
0
0
0
0
0
0
0
0
0
0
0
0
0
0
0
0
0
0
0
0
0
0
0
0
0
0
0
0
0
0
0
0
0
0
0
0
0
0
0
0
0
0
0
0
0
0
0
0
0
0
0
0
0
0
0
0
0
0
0
0
0
0
0
0
0
0
0
0
0
0
0
0
0
0
0
0
0
0
0
0
0
0
0
0
0
0
0
0
0
0
0
0
0
0
0
0
0
0
0
0
0
0
0
0
0
0
0
0
0
0
0
0
0
0
0
0
0
0
0
0
0
0
0
0
0
0
0
0
0
0
0
0
0
0
0
0
0
0
0
0
0
0
0
0
0
0
0
0
0
0
0
0
0
0
0
0
0
0
0
0
0
0
0
0
0
0
0
0
0
0
0
0
0
0
0
0
0
0
0
0
0
0
0
0
0
0
0
0
0
0
0
0
0
0
0
0
0
0
0
0
0
0
0
0
0
0
0
0
0
0
0
0
0
0
0
0
0
0
0
0
0
0
0
0
0
0
0
0
0
0
0
0
0
0
0
0
0
0
0
0
0
0
0
0
0
0
0
0
0
0
0
0
0
0
0
0
0
0
0
0
0
0
0
0
0
0
0
0
0
0
0
0
0
0
0
0
0
0
0
0
0
0
0
0
0
0
0
0
0
0
0
0
0
0
0
0
0
0
0
0
0
0
0
0
0
0
0
0
0
0
0
0
0
0
0
0
0
0
0
0
0
0
0
0
0
0
0
0
0
0
0
0
0
0
0
0
0
0
0
0
0
0
0
0
0
0
0
0
0
0
0
0
0
0
0
0
0
0
0
0
0
0
0
0
0
0
0
0
0
0
0
0
0
0
0
0
0
0
0
0
0
0
0
0
0
0
0
0
0
0
0
0
0
0
0
0
0
0
0
0
0
0
0
0
0
0
0
0
0
0
0
0
0
0
0
0
0
0
0
0
0
0
0
0
0
0
0
0
0
0
0
0
0
0
0
0
0
0
0
0
0
0
0
0
0
0
0
0
0
0
0
0
0
0
0
0
0
0
0
0
0
0
0
0
0
0
0
0
0
0
0
0
0
0
0
0
0
0
0
0
0
0
0
0
0
0
0
0
0
0
0
0
0
0
0
0
0
0
0
0
0
0
0
0
0
0
0
0
0
0
0
0
0
0
0
0
0
0
0
0
0
0
0
0
0
0
0
0
0
0
0
0
0
0
0
0
0
0
0
0
0
0
0
0
0
0
0
0
0
0
0
0
0
0
0
0
0
0
0
0
0
0
0
0
0
0
0
0
0
0
0
0
0
0
0
0
0
0
0
0
0
0
0
0
0
0
0
0
0
0
0
0
0
0
0
0
0
0
0
0
0
0
0
0
0
0
0
0
0
0
0
0
0
0
0
0
0
0
0
0
0
0
0
0
0
0
0
0
0
0
0
0
0
0
0
0
0
0
0
0
0
0
0
0
0
0
0
0
0
0
0
0
0
0
0
0
0
0
0
0
0
0
0
0
0
0
0
0
0
0
0
0
0
0
0
0
0
0
0
0
0
0
0
0
0
0
0
0
0
0
0
0
0
0
0
0
0
0
0
0
0
0
0
0
0
0
0
0
0
0
0
0
0
0
0
0
0
0
0
0
0
0
0
0
0
0
0
0
0
0
0
0
0
0
0
0
0
0
0
0
0
0
0
0
0
0
0
0
0
0
0
0
0
0
0
0
0
0
0
0
0
0
0
0
0
0
0
0
0
0
0
0
0
0
0
0
0
0
0
0
0
0
0
0
0
0
0
0
0
0
0
0
0
0
0
0
0
0
0
0
0
0
0
0
0
0
0
0
0
0
0
0
0
0
0
0
0
0
0
0
0
0
0
0
0
0
0
0
0
0
0
0
0
0
0
0
0
0
0
0
0
0
0
0
0
0
0
0
0
0
0
0
0
0
0
0
0
0
0
0
0
0
0
0
0
0
0
0
0
0
0
0
0
0
0
0
0
0
0
0
0
0
0
0
0
0
0
0
0
0
0
0
0
0
0
0
0
0
0
0
0
0
0
0
0
0
0
0
0
0
0
0
0
0
0
0
0
0
0
0
0
0
0
0
0
0
0
0
0
0
0
0
0
0
0
0
0
0
0
0
0
0
0
0
0
0
0
0
0
0
0
0
0
0
0
0
0
0
0
0
0
0
0
0
0
0
0
0
0
0
0
0
0
0
0
0
0
0
0
0
0
0
0
0
0
0
0
0
0
0
0
0
0
0
0
0
0
0
0
0
0
0
0
0
0
0
0
0
0
0
0
0
0
0
0
0
0
0
0
0
0
0
0
0
0
0
0
0
0
0
0
0
0
0
0
0
0
0
0
0
0
0
0
0
0
0
0
0
0
0
0
0
0
0
0
0
0
0
0
0
0
0
0
0
0
0
0
0
0
0
0
0
0
0
0
0
0
0
0
0
0
0
0
0
0
0
0
0
0
0
0
0
0
0
0
0
0
0
0
0
0
0
0
0
0
0
0
0
0
0
0
0
0
0
0
0
0
0
0
0
0
0
0
0
0
0
0
0
0
0
0
0
0
0
0
0
0
0
0
0
0
0
0
0
0
0
0
0
0
0
0
0
0
0
0
0
0
0
0
0
0
0
0
0
0
0
0
0
0
0
0
0
0
0
0
0
0
0
0
0
0
0
0
0
0
0
0
0
0
0
0
0
0
0
0
0
0
0
0
0
0
0
0
0
0
0
0
0
0
0
0
0
0
0
0
0
0
0
0
0
0
0
0
0
0
0
0
0
0
0
0
0
0
0
0
0
0
0
0
0
0
0
0
0
0
0
0
0
0
0
0
0
0
0
0
0
0
0
0
0
0
0
0
0
0
0
0
0
0
0
0
0
0
0
0
0
0
0
0
0
0
0
0
0
0
0
0
0
0
0
0
0
0
0
0
0
0
0
0
0
0
0
0
0
0
0
0
0
0
0
0
0
0
0
0
0
0
0
0
0
0
0
0
0
0
0
0
0
0
0
0
0
0
0
0
0
0
0
0
0
0
0
0
0
0
0
0
0
0
0
0
0
0
0
0
0
0
0
0
0
0
0
0
0
0
0
0
0
0
0
0
0
0
0
0
0
0
0
0
0
0
0
0
0
0
0
0
0
0
0
0
0
0
0
0
0
0
0
0
0
0
0
0
0
0
0
0
0
0
0
0
0
0
0
0
0
0
0
0
0
0
0
0
0
0
0
0
0
0
0
0
0
0
0
0
0
0
0
0
0
0
0
0
0
0
0
0
0
0
0
0
1
1
1
1
1
0.903577
0.952275
1
1
1
1
0.866833
0.923821
1
1
1
1
1
1
1
1
1
1
1
1
1
1
1
1
1
1
1
1
1
1
1
1
1
1
1
1
1
1
0.999295
0.99159
1
1
1
1
1
1
1
1
1
1
0.991973
0.999295
0.994357
1
0.983727
0.972193
1
1
0.999867
1
1
1
1
1
1
1
1
1
0.972193
0.983727
0.956522
1
1
1
1
0.843681
0.903598
1
1
1
0.716038
0.788435
1
0.999994
1
1
1
1
1
1
1
1
1
1
1
1
1
1
1
1
1
1
1
1
1
1
1
1
1
1
1
0.999994
1
0.909101
0.940585
1
1
1
1
1
1
1
1
1
1
1
1
1
1
1
1
1
1
1
1
1
1
1
1
1
1
1
1
1
1
1
1
1
1
1
1
1
1
1
1
1
1
1
1
1
1
1
1
1
1
1
1
1
1
1
1
1
1
1
1
1
1
1
1
1
1
1
1
1
1
1
1
1
1
1
1
1
1
1
1
1
1
1
1
1
1
1
1
1
1
1
1
1
1
1
1
1
1
1
1
1
1
1
1
1
1
1
1
1
1
1
1
1
1
1
1
1
1
1
1
1
1
1
1
1
1
1
1
1
1
1
1
1
1
1
1
1
1
1
1
1
1
1
1
1
1
1
1
1
1
1
1
1
1
1
1
1
1
1
1
1
1
1
1
1
1
1
1
1
1
1
1
1
1
1
1
1
1
1
1
1
1
1
1
1
1
1
1
1
1
1
1
1
1
1
1
1
1
1
1
1
1
1
1
1
1
1
1
1
1
1
1
1
1
1
1
1
1
1
1
1
1
1
1
1
1
1
0.752362
0.739736
0.723458
0.784871
0.783122
0.777602
0.602782
1
0.777602
0.783122
0.723458
0.739736
0.752362
0.574483
1
0.994965
1
1
1
1
1
1
0.999499
1
1
0.999891
1
1
1
1
1
1
1
1
1
1
1
1
1
1
1
0.999499
0.999891
1
1
1
1
1
1
1
1
1
1
1
1
1
1
1
1
1
1
1
1
1
1
1
1
1
1
1
1
1
1
1
1
1
1
1
1
1
1
1
1
1
1
1
1
1
1
1
1
1
1
1
1
1
1
1
1
1
1
1
1
1
1
1
1
1
1
1
1
1
1
1
1
1
1
1
1
1
1
1
1
1
1
1
1
1
1
1
1
1
1
1
1
1
1
1
1
1
1
1
1
1
1
1
1
1
1
1
1
1
1
1
1
1
1
1
1
1
1
1
1
1
1
1
1
1
1
1
1
1
1
1
1
1
1
1
1
1
1
1
1
1
1
1
1
1
1
1
1
1
1
1
1
1
1
1
1
1
1
1
1
1
1
1
1
1
1
1
1
1
1
1
1
1
1
1
1
1
1
1
1
1
1
1
1
1
1
1
1
1
1
1
1
1
1
1
1
1
1
1
1
1
1
1
1
1
1
1
1
1
1
1
1
1
1
1
1
1
1
1
1
1
1
1
1
1
1
1
1
1
1
1
1
1
1
1
1
1
1
1
1
1
1
1
1
1
1
1
1
1
1
1
1
1
1
1
1
1
1
1
1
1
1
1
1
1
1
1
1
1
1
1
1
1
1
1
1
1
1
1
1
1
1
1
1
1
1
1
1
1
1
1
1
1
1
1
1
1
1
1
1
1
1
1
1
1
1
1
1
1
1
1
1
1
1
1
1
1
1
1
1
1
1
1
1
1
1
1
1
1
1
1
1
1
1
1
1
1
1
1
1
1
1
1
1
1
1
1
1
1
1
1
1
1
1
1
1
1
1
1
1
1
1
1
1
1
1
1
1
1
1
1
1
1
1
1
1
1
1
1
1
1
1
1
1
1
1
1
1
1
1
1
1
1
1
1
1
1
1
1
1
1
1
1
1
1
1
1
1
1
1
1
1
1
1
1
1
1
1
1
1
1
0.783669
0.740731
0.956155
0.92041
1
1
1
1
1
1
1
1
1
1
1
1
1
1
1
1
1
1
1
1
1
1
1
1
1
1
1
1
0.956155
0.740731
0.783669
0.724047
0.98415
1
1
1
1
1
1
1
1
1
1
1
1
1
1
1
1
1
1
1
1
1
1
1
1
1
1
1
1
1
1
1
1
1
1
1
1
1
1
1
1
1
1
1
1
1
1
1
1
1
1
1
1
1
1
1
1
1
1
1
1
1
1
1
1
1
1
1
1
1
1
1
1
1
1
1
1
1
1
1
1
1
1
1
1
1
1
1
1
1
1
1
1
1
1
1
1
1
1
1
1
1
1
1
1
1
1
1
1
1
1
1
1
1
1
1
1
1
1
1
1
1
1
1
1
1
1
1
1
1
1
1
1
1
1
1
1
1
1
1
1
1
1
1
1
1
1
1
1
1
1
1
1
1
1
1
1
1
1
1
1
1
1
1
1
1
1
1
1
1
1
1
1
1
1
1
1
1
1
1
1
1
1
1
1
1
1
1
1
1
1
1
1
1
1
1
1
1
1
1
1
1
1
1
1
1
1
1
1
1
1
1
1
1
1
1
1
1
1
1
1
1
1
1
1
1
1
1
1
1
1
1
1
1
1
1
1
1
1
1
1
1
1
1
1
1
1
1
1
1
1
1
1
1
1
1
1
1
1
1
1
1
1
1
1
1
1
1
1
1
1
1
1
1
1
1
1
1
1
1
1
1
1
1
1
1
1
1
1
1
1
1
1
1
1
1
1
1
1
1
1
1
1
1
1
1
1
1
1
1
1
1
1
1
1
1
1
1
1
1
1
1
1
1
1
1
1
1
1
1
1
1
1
1
1
1
1
1
1
1
1
1
1
1
1
1
1
1
1
1
1
1
1
1
1
1
1
1
1
1
1
1
1
1
1
1
1
1
1
1
1
1
1
1
1
1
1
1
1
1
1
1
1
1
1
1
1
1
1
1
1
1
1
1
1
1
1
1
1
1
1
1
1
1
1
1
1
1
1
1
1
1
1
1
1
1
1
1
1
1
1
1
1
1
1
1
1
1
1
1
1
1
1
1
1
1
1
1
1
1
1
1
1
1
1
1
1
1
1
1
1
1
1
1
1
1
1
1
1
1
1
1
1
1
1
1
1
1
1
1
1
1
1
1
1
1
1
1
1
1
1
1
1
1
1
1
1
1
1
1
1
1
1
1
1
1
1
1
1
1
1
1
1
1
1
1
1
1
1
1
1
1
1
1
1
1
1
1
1
1
1
1
1
1
1
1
1
1
1
1
1
1
1
1
1
1
1
1
1
1
1
1
1
1
1
1
1
1
1
1
1
1
1
1
1
1
1
1
1
1
1
1
1
1
1
1
1
1
1
1
1
1
1
1
1
1
1
1
1
1
1
1
1
1
1
1
1
1
1
1
1
1
1
1
1
1
1
1
1
1
1
1
1
1
1
1
1
1
1
1
1
1
1
1
1
1
1
1
1
1
1
1
1
1
1
1
1
1
1
1
1
1
1
1
1
1
1
1
1
1
1
1
1
1
1
1
1
1
1
1
1
1
1
1
1
1
1
1
1
1
1
1
1
1
1
1
1
1
1
1
1
1
1
1
1
1
1
1
1
1
1
1
1
1
1
1
1
1
1
1
1
1
1
1
1
1
1
1
1
1
1
1
1
1
1
1
1
1
1
1
1
1
1
1
1
1
1
1
1
1
1
1
1
1
1
1
1
1
1
1
1
1
1
1
1
1
1
1
1
1
1
1
1
1
1
1
1
1
1
1
1
1
1
1
1
1
1
1
1
1
1
1
1
1
1
1
1
1
1
1
1
1
1
1
1
1
1
1
1
1
1
1
1
1
1
1
1
1
1
1
1
1
1
1
1
1
1
1
1
1
1
1
1
1
1
1
1
1
1
1
1
1
1
1
1
1
1
1
1
1
1
1
1
1
1
1
1
1
1
1
1
1
1
1
1
1
1
1
1
1
1
1
1
1
1
1
1
1
1
1
1
1
1
1
1
1
1
1
1
1
1
1
1
1
1
1
1
1
1
1
1
1
1
1
1
1
1
1
1
1
1
1
1
1
1
1
1
1
1
1
1
1
1
1
1
1
1
1
1
1
1
1
1
1
1
1
1
1
1
1
1
1
1
1
1
1
1
1
1
1
1
1
1
1
1
1
1
1
1
1
1
1
1
1
1
1
1
1
1
1
1
1
1
1
1
1
1
1
1
1
1
1
1
1
1
1
1
1
1
1
1
1
1
1
1
1
1
1
1
1
1
1
1
1
1
1
1
1
1
1
1
1
1
1
1
1
1
1
1
1
1
1
1
1
1
1
1
1
1
1
1
1
1
1
1
1
1
1
1
1
1
1
1
1
1
1
1
1
1
1
1
1
1
1
1
1
1
1
1
1
1
1
1
1
1
1
1
1
1
1
1
1
1
1
1
1
1
1
1
1
1
1
1
1
1
1
1
1
1
1
1
1
1
1
1
1
1
1
1
1
1
1
1
1
1
1
1
1
1
1
1
1
1
1
1
1
1
1
1
1
1
1
1
1
1
1
1
1
1
1
1
1
1
1
1
1
1
1
1
1
1
1
1
1
1
1
1
1
1
1
1
1
1
1
1
1
1
1
1
1
1
1
1
1
1
1
1
1
1
1
1
1
1
1
1
1
1
1
1
1
1
1
1
1
1
1
1
1
1
1
1
1
1
1
1
1
1
1
1
1
1
1
1
1
1
1
1
1
1
1
1
1
1
1
1
1
1
1
1
1
1
1
1
1
1
1
1
1
1
1
1
1
1
1
1
1
1
1
1
1
1
1
1
1
1
1
1
1
1
1
1
1
1
1
1
1
1
1
1
1
1
1
1
1
1
1
1
1
1
1
1
1
1
1
1
1
1
1
1
1
1
1
1
1
1
1
1
1
1
1
1
1
1
1
1
1
1
1
1
1
1
1
1
1
1
1
1
1
1
1
1
1
1
1
1
1
1
1
1
1
1
1
1
1
1
1
1
1
1
1
1
1
1
1
1
1
1
1
1
1
1
1
1
1
1
1
1
1
1
1
1
1
1
1
1
1
1
1
1
1
1
1
1
1
1
1
1
1
1
1
1
1
1
1
1
1
1
1
1
1
1
1
1
1
1
1
1
1
1
1
1
1
1
1
1
1
1
1
1
1
1
1
1
1
1
1
1
1
1
1
1
1
1
1
1
1
1
1
1
1
1
1
1
1
1
1
1
1
1
1
1
1
1
1
1
1
1
1
1
1
1
1
1
1
1
1
1
1
1
1
1
1
1
1
1
1
1
1
1
1
1
1
1
1
1
1
1
1
1
1
1
1
1
1
1
1
1
1
1
1
1
1
1
1
1
1
1
1
1
1
1
1
1
1
1
1
1
1
1
1
1
1
1
1
1
1
1
1
1
1
1
1
1
1
1
1
1
1
1
1
1
0.070961
0.0476844
0.308346
0.266988
0.331108
0
0.0151151
0.349625
0.605578
0.565034
0.649421
0.0508439
0.153159
0.636077
0.786108
0.771866
0.157253
0.312928
0.796759
0.841655
0.840231
0.219943
0.393636
0.840231
0.786108
0.796759
0.198317
0.366981
0.771866
0.605578
0.636075
0.104103
0.234867
0.565034
0.308346
0.349625
0.421782
0.0107787
0.0699834
0.266988
0.0476844
0.070961
0.109255
0
0
0.0810523
0.0277342
0.407471
0.359398
0.249318
0.344508
0.0320285
0.085328
0.158065
0.463061
0.828728
0.790995
0.836899
0.405646
0.868515
0.999013
0.99419
0.999992
0.728176
0.931349
0.948101
0.904059
0.884184
0.984123
0.955318
0.941981
0.974689
0.785789
0.766294
0.836631
0.854924
1
0.991404
0.987448
0.999992
0.997467
0.996207
1
0.891333
0.885082
0.938314
0.943167
1
1
0.999992
1
0.891333
0.897278
0.947191
0.943167
0.99896
0.998089
0.981264
0.987448
0.984123
0.955318
0.9653
0.990458
0.785789
0.801593
0.86955
0.854924
0.999992
0.99419
0.999013
0.828728
0.868515
0.493208
0.790995
0.407471
0.463061
0.519334
0.15281
0.249318
0.359398
0.0277342
0.0810523
0.132505
0
0.00449335
0.306922
0.192145
0.72128
0.699238
0.564382
0.624204
0.429844
0.556184
0.780301
0.999547
0.992841
0.99725
0.872361
0.978835
0.992926
0.981384
0.962699
1
1
1
0.977915
0.959733
0.981043
0.992323
1
1
1
1
1
1
1
1
1
1
1
1
1
1
1
1
1
1
1
1
1
1
1
1
1
1
1
1
1
0.977915
0.990224
0.998894
0.992323
0.992841
0.999618
0.721278
0.780301
0.804697
0.571133
0.56989
0.699238
0.188308
0.301402
0.353697
0.197351
0.416192
0.283008
0.809332
0.811705
0.69129
0.683704
0.656363
0.782533
0.861209
1
1
0.999389
1
1
1
1
1
1
1
1
1
1
1
1
1
1
1
1
1
1
1
1
0.809332
0.861208
0.857468
0.824098
0.69129
0.811705
0.283008
0.416192
0.401911
0.386963
0.313616
0.195334
0.677087
0.707514
0.579699
0.514667
0.662948
0.786206
0.735871
0.976775
0.962391
1
1
1
1
1
1
1
1
1
1
1
1
0.976775
0.677087
0.735869
0.704869
0.846603
0.579699
0.707514
0.195334
0.313616
0.263802
0.390618
0.0831914
0.0297333
0.320317
0.374084
0.265459
0.175515
0.440348
0.564237
0.372543
0.693609
0.62801
0.941423
0.884845
0.917359
0.946667
0.916657
0.98211
0.99447
0.984944
0.965067
1
1
1
1
1
1
1
1
1
1
1
1
1
1
1
1
0.98211
0.99447
0.999645
0.993133
1
1
0.693609
0.320145
0.375314
0.321501
0.667704
0.248319
0.368327
0.0297333
0.0831914
0.0331244
0.201509
0
0
0.0281201
0.00467005
0
0.0925923
0.168114
0.0686656
0.0460933
0.257267
0.219577
0.182811
0.0847026
0.565158
0.332881
0.295237
0.539484
0.498467
0.469781
0.309671
0.872994
0.599712
0.571141
0.702485
0.688621
0.507535
0.999487
0.987222
0.871914
0.881873
0.934161
0.926981
0.904897
0.953087
0.949435
0.900348
1
1
0.917437
0.91603
0.960996
0.962083
0.904897
0.953087
0.957524
0.911094
1
1
0.688621
0.702485
0.539484
0.571141
0.599712
0.423359
0.915676
0.469781
0.498467
0.257267
0.295237
0.332881
0.19256
0.660228
0.182811
0.219577
0.0281201
0.0460933
0.0686656
0.0148931
0.260631
0
0
0
0
0
0.0199487
0
0.014815
0.00539133
0
0.16747
0.026083
0.071767
0.0549463
0.00278515
0.318306
0.0852525
0.102201
0.0969367
0.0157598
0.413178
0.0969367
0.071767
0.0852525
0.011484
0.388409
0.0549463
0.014815
0.026083
0
0.25405
0.00539133
0
0
0
0.0765842
0
0
0
0
0
0
0
0
0
0
0
0
0
0
0
0
0
0
0
0
0
0
0
0
0
0
0
0
0
0
0
0
0
0
0
0
0
0
0
0
0
0
0
0
0
0
0
0
0
0
0
0
0
0
0
0
0
0
0
0
0
0
0
0
0
0
0
0
0
0
0
0
0
0
0
0
0
0
0
0
0
0
0
0
0
0
0
0
0
0
0
0
0
0
0
0
0
0
0
0
0
0
0
0
0
0
0
0
0
0
0
0
0
0
0
0
0
0
0
0
0
0
0
0
0
0
0
0
0
0
0
0
0
0
0
0
0
0
0
0
0
0
0
0
0
0
0
0
0
0
0
0
0
0
0
0
0
0
0
0
0
0
0
0
0
0
0
0
0
0
0
0
0
0
0
0
0
0
0
0
0
0
0
0
0
0
0
0
0
0
0
0
0
0
0
0
0
0
0
0
0
0
0
0
0
0
0
0
0
1
1
1
1
1
1
1
1
1
1
1
1
1
1
1
1
1
1
1
1
0.947191
0.897278
1
1
1
1
1
1
1
1
1
1
1
1
1
1
1
1
1
1
1
1
0.938314
0.885082
1
0.996207
0.997467
0.991404
1
1
1
1
1
1
1
1
1
1
1
1
1
1
1
1
1
1
1
1
1
1
1
1
1
1
1
1
1
1
1
1
1
1
1
1
1
1
1
1
1
1
1
1
1
1
1
1
1
1
1
1
1
1
1
1
1
1
1
1
1
1
1
1
1
1
1
1
1
1
1
1
1
1
1
1
1
1
1
1
1
1
1
1
1
1
1
1
1
1
1
1
1
1
1
1
1
1
1
1
1
1
1
1
1
0.988156
0.99954
0.998271
0.996811
0.979632
1
1
1
1
1
1
0.99419
1
0.999976
1
1
1
1
1
1
1
1
1
1
1
1
1
1
1
1
1
1
1
1
1
1
1
1
1
1
1
1
1
1
1
1
1
1
1
1
1
1
1
1
1
1
1
1
1
1
0.988156
0.99954
0.999976
1
0.99419
1
1
1
1
1
1
0.979632
0.996811
0.998271
1
1
1
1
1
1
1
1
1
1
1
1
0.994115
0.998246
0.96591
0.978545
0.99896
1
0.999366
0.999903
0.990458
1
0.86955
0.801593
0.9653
0.981264
0.998089
1
1
0.999903
0.999366
0.998246
1
0.931349
0.948101
0.978545
0.96591
0.994115
0.974688
1
0.836631
0.766294
0.94198
0.884184
0.904059
1
1
0.990172
0.998364
1
1
1
1
1
1
1
1
0.998894
0.990224
1
1
1
1
1
1
1
1
1
1
1
1
1
1
1
1
1
1
1
1
1
1
1
1
1
0.978835
0.992926
0.998627
0.990171
1
1
1
0.981043
0.959733
1
0.962699
0.981384
1
1
1
1
1
1
1
1
1
1
1
1
1
1
1
1
1
1
1
1
1
1
1
1
1
1
1
1
1
1
1
1
1
1
1
1
1
1
1
1
1
1
1
1
1
1
1
1
1
1
1
1
1
1
1
1
1
1
1
1
1
1
1
1
1
1
1
1
1
1
1
1
1
1
1
1
1
1
1
1
1
1
1
1
1
1
1
1
1
1
1
1
1
1
1
1
1
1
1
1
1
1
1
1
1
1
1
1
1
1
1
1
1
1
1
1
1
1
1
1
1
1
1
1
1
1
1
1
1
1
1
1
1
1
1
1
1
1
1
1
1
1
1
1
1
1
1
1
1
1
1
1
1
1
1
1
1
1
1
1
1
1
1
1
1
1
1
1
1
1
1
1
1
1
1
1
1
1
1
1
1
1
1
1
1
1
1
1
1
1
1
1
1
1
1
1
1
1
1
1
1
1
1
1
1
0.59566
0.766867
0.761407
0.836926
0.842066
0.800742
0.816363
0.91603
0.856018
0.857641
0.849795
0.911094
0.775843
1
0.957524
0.960996
0.59566
0.766867
0.775843
0.849795
0.842066
0.856018
0.871914
0.881873
0.816363
0.800742
0.836926
0.900348
0.761407
1
0.949435
0.926981
0.934161
1
1
1
1
1
1
1
1
1
1
1
1
1
1
1
1
1
1
1
1
1
1
1
1
1
1
1
1
1
1
1
1
1
1
1
1
1
1
1
1
1
1
1
1
1
1
1
1
1
1
1
1
1
1
1
1
1
1
1
1
1
1
1
1
1
1
1
1
1
1
1
1
1
1
1
1
1
1
1
1
1
1
1
1
1
1
1
1
1
1
1
1
1
1
1
1
1
1
1
1
1
1
1
1
1
1
1
1
1
1
1
1
1
1
1
1
1
1
1
1
1
1
1
1
1
1
1
1
1
1
1
1
1
1
1
1
1
1
1
1
1
1
1
1
1
1
1
1
1
1
1
1
1
1
1
1
1
1
1
1
1
1
1
1
1
1
1
1
1
1
1
1
1
1
1
1
1
1
1
1
1
1
1
1
1
1
1
1
1
1
1
1
1
1
1
1
1
1
1
1
1
1
1
1
1
1
1
1
1
1
1
1
1
1
1
1
1
1
1
1
1
1
1
1
1
1
1
1
1
1
1
1
1
1
1
1
1
1
1
1
1
1
1
1
1
1
1
1
1
1
1
1
1
1
1
1
1
1
0.837767
0.888701
0.855793
0.804283
0.938679
0.960444
0.843261
0.877679
1
1
0.976732
0.993133
0.866726
0.914827
1
0.999645
1
1
1
1
1
1
1
1
1
1
1
1
1
1
1
1
1
1
1
0.837767
0.888701
0.914827
0.866726
0.976732
0.960444
1
0.884845
0.917359
0.877679
0.843261
0.938679
0.965067
0.804283
0.855793
1
0.984944
0.917682
0.946667
1
1
1
1
1
1
1
1
1
1
1
1
1
1
1
1
1
1
1
1
1
1
1
1
1
1
1
1
1
1
1
1
1
1
1
1
1
1
1
1
1
1
1
1
1
1
1
1
1
1
1
1
1
1
1
1
1
1
1
1
1
1
1
1
1
1
1
1
1
1
1
1
1
1
1
1
1
1
1
1
1
1
1
1
1
1
1
1
1
1
1
1
1
1
1
1
1
1
1
1
1
1
1
1
1
1
1
1
1
1
1
1
1
1
1
1
1
1
1
1
1
1
1
1
1
1
1
1
1
1
1
1
1
1
1
1
1
1
1
1
1
1
1
1
1
1
1
1
1
1
1
1
1
1
1
1
1
1
1
1
1
1
1
1
1
1
1
1
1
1
1
1
1
1
1
1
1
1
1
1
1
1
1
1
1
1
1
1
1
1
1
1
1
1
1
1
1
1
1
1
1
1
1
1
1
1
1
1
1
1
1
1
1
1
1
1
1
1
1
1
1
1
1
1
1
1
1
1
1
1
1
1
1
1
1
0
0
0.0284708
0.13277
0.206248
0.206248
0.13277
0.0284708
0
0
0
0
0.0230205
0.0028065
0
0.0028065
0.0230205
0
0
0
0
0
0.0046441
0.258634
0.308673
0.249089
0.201879
0.461812
0.400839
0.349427
0.407083
0.2154
0.177937
0.233113
0.275835
0.66502
0.708647
0.639833
0.596593
0.825832
0.761899
0.727973
0.78931
0.547466
0.507681
0.58353
0.624726
0.825063
0.851354
0.875573
0.814508
0.743048
0.959204
0.96579
0.971871
0.932902
0.878621
0.985017
0.984537
0.983668
0.950947
0.90192
0.959204
0.949841
0.940087
0.888439
0.826769
0.910312
0.860167
0.825832
0.761899
0.799053
0.854183
0.547466
0.584561
0.662744
0.624726
0.66502
0.617972
0.550511
0.596593
0.461812
0.400839
0.451986
0.515715
0.2154
0.254025
0.31929
0.275835
0.143283
0.629244
0.691694
0.657848
0.595748
0.852766
0.821409
0.771567
0.804382
0.691277
0.638053
0.684477
0.736118
0.938511
0.961759
0.98223
0.963951
0.935298
1
1
1
1
1
1
1
1
1
1
1
1
1
1
1
0.997276
0.999297
1
0.999737
0.958113
0.935274
0.852766
0.821409
0.865617
0.894842
0.691277
0.740809
0.790053
0.736118
0.276176
0.804599
0.85684
0.847537
0.794815
0.968385
0.963663
0.933149
0.939528
0.934274
0.898109
0.914626
0.948545
1
1
1
1
1
1
1
1
1
1
1
1
1
1
0.968384
0.963661
0.985156
0.988138
0.9363
0.96537
0.974128
0.948544
0.228879
0.748198
0.805632
0.827662
0.772998
0.938718
0.950647
0.91727
0.901778
0.968974
0.940187
0.935155
0.963462
1
1
1
1
1
1
1
1
1
1
1
1
0.999848
1
0.938716
0.950646
0.975645
0.96732
0.968972
0.988577
0.985109
0.963461
0.0680223
0.473769
0.534709
0.574282
0.515787
0.705604
0.752134
0.698286
0.651514
0.859906
0.813608
0.777775
0.825732
0.946091
0.968581
0.984633
0.995821
0.999825
1
1
1
1
1
1
1
1
1
1
1
1
1
0.84645
0.882113
0.70523
0.748387
0.799414
0.753229
0.859906
0.899949
0.873198
0.825732
0
0.0838082
0.115675
0.15773
0.126089
0.229752
0.288343
0.242819
0.189374
0.475646
0.420214
0.363042
0.415324
0.398055
0.438544
0.515705
0.472528
0.566006
0.642187
0.594784
0.52578
0.741869
0.775975
0.696033
0.731256
0.800479
0.772674
0.80623
0.871345
0.851717
0.785076
0.94936
0.963204
0.967285
0.97332
0.978241
0.996723
0.999899
0.98994
0.989297
0.999949
0.999972
0.999976
0.988107
0.999812
0.999903
1
1
0.855375
0.914212
0.80623
0.871345
0.887222
0.823633
0.973482
0.963204
0.696033
0.668646
0.7457
0.772674
0.566006
0.642187
0.680323
0.603429
0.812822
0.775975
0.398055
0.35632
0.427585
0.472528
0.229752
0.288343
0.334807
0.271507
0.475646
0.530118
0.460857
0.415324
0.00467005
0
0
0
0.00855663
0
0
0
0
0
0.00343565
0.0418291
0.00192118
0.0141648
0.0349089
0.120746
0.244218
0.0884572
0.11502
0.131502
0.287994
0.465908
0.194782
0.217231
0.231292
0.406927
0.243589
0.236081
0.231292
0.406927
0.194782
0.1655
0.131502
0.287994
0.465908
0.0884572
0.0607663
0.0349089
0.120746
0.244218
0.00192118
0
0
0.00343565
0.0418291
0
0
0
0
0
0
0
0
0
0
0
0
0
0
0
0
0
0
0
0.000162935
0
0
0
0
0.0146243
0
0
0
0
0.0146243
0
0
0
0
0.000162935
0
0
0
0
0
0
0
0
0
0
0
0
0
0
0
0
0
0
0
0
0
0
0
0
0
0
0
0
0
0
0
0
0
0
0
0
0
0
0
0
0
0
0
0
0
0
0
0
0
0
0
0
0
0
0
0
0
0
0
0
0
0
0
0
0
0
0
0
0
0
0
0
0
0
0
0
0
0
0
0
0
0
0
0
0
0
0
0
0
0
0
0
0
0
0
0
0
0
0
0
0
0
0
0
0
0
0
0
0
0
0
0
0
0
0
0
0
0
0
0
0
0
0
0
0
0
0
0
0
0
0
0
0
0
0
0
0
0
0
0
0
0
0
0
0
0
1
1
1
1
1
1
1
1
0.90192
0.950947
0.983668
0.984537
1
1
1
1
1
1
1
0.878621
0.932902
0.971871
0.96579
1
1
1
1
1
1
1
1
1
1
1
1
1
1
1
1
1
1
1
1
1
1
1
1
1
1
1
1
1
1
1
1
1
1
1
1
1
1
1
1
1
1
1
1
1
1
1
1
1
1
0.997701
0.999949
1
0.999742
1
1
1
1
1
1
1
1
1
1
1
1
1
1
1
1
1
0.997701
0.999742
1
0.999962
1
1
1
1
0.999825
1
1
1
1
1
1
1
1
1
1
1
1
1
0.970197
0.991439
0.999906
0.999064
0.997587
0.991976
1
1
1
1
1
1
0.997612
0.998604
1
0.999982
1
1
1
1
1
1
1
1
1
1
1
1
1
1
1
1
1
0.997612
0.999982
1
0.998604
1
1
1
1
1
1
0.991422
0.9976
0.999906
0.991439
0.999174
0.970197
1
1
1
1
1
1
0.999163
0.995491
1
1
1
1
0.987979
0.999888
1
1
1
1
1
1
1
1
0.826769
0.888439
0.940087
0.949841
1
1
1
1
1
1
1
1
0.987979
0.995491
1
0.999888
0.999162
1
1
1
1
1
0.743048
0.814508
0.875573
0.851354
0.825063
1
1
1
1
1
1
0.996705
1
1
1
1
1
1
1
0.997276
0.999737
1
0.999297
1
1
1
1
1
1
1
1
1
1
1
1
1
1
0.996152
1
1
1
1
1
1
1
1
1
1
0.935299
0.963951
0.98223
0.961759
0.93851
1
1
1
1
1
1
1
1
1
1
1
1
1
1
1
1
1
1
1
1
1
1
1
1
1
1
1
1
1
1
1
1
1
1
1
1
1
1
1
1
1
1
1
1
1
1
1
1
1
1
1
1
1
1
1
1
1
1
1
1
1
1
1
1
1
1
1
1
1
1
1
1
1
1
1
1
1
1
1
1
1
1
1
1
1
1
1
1
1
1
1
0.988107
0.989297
0.999949
0.999903
0.999812
0.999972
0.999899
0.996723
0.978241
0.97332
0.967285
1
1
1
1
1
1
1
1
1
1
1
1
1
1
1
1
1
1
1
1
1
1
1
1
1
1
1
1
1
1
1
1
1
1
1
1
1
1
1
1
1
1
1
1
1
1
1
1
1
1
1
1
1
1
1
1
1
1
1
1
1
1
1
1
1
1
1
1
1
1
1
1
1
1
1
1
1
1
1
1
1
1
1
1
1
1
1
1
1
1
1
1
1
1
1
1
1
1
1
1
1
1
1
1
1
0.766316
0.822087
0.871371
0.83507
0.793625
0.98133
0.968741
0.936184
0.8955
1
1
1
1
1
1
1
1
1
1
1
1
1
1
1
1
1
1
1
1
0.8955
0.936184
0.968741
0.98133
0.793625
0.83507
0.871371
0.822086
0.766316
0.995729
0.985341
0.969321
0.945833
1
1
1
1
1
1
1
1
1
1
1
1
1
1
1
1
1
1
1
1
1
1
1
1
1
1
1
1
1
1
1
1
1
1
1
1
1
1
1
1
1
1
1
1
1
1
1
1
1
1
1
1
1
1
1
1
1
1
1
1
1
1
1
1
1
1
1
1
1
1
1
1
1
0.467074
0.429527
0.233058
0.170894
0.315494
0.351347
0.385911
0.124005
0.242006
0.278861
0.350393
0.294157
0.449427
0.489156
0.521435
0.41873
0.584561
0.502413
0.706668
0.686717
0.449677
0.395589
0.577279
0.600397
0.620142
0.550883
0.523843
0.492949
0.672252
0.690463
0.705045
0.650465
0.732361
0.825343
0.817977
0.568287
0.554104
0.731958
0.739408
0.74758
0.716037
0.589411
0.582351
0.762556
0.764558
0.766206
0.757026
0.833137
0.825343
0.833137
0.568287
0.582351
0.762556
0.757026
0.74758
0.764558
0.523843
0.554104
0.731958
0.716037
0.705045
0.739408
0.817977
0.706668
0.732361
0.449677
0.492949
0.672252
0.650465
0.620142
0.690463
0.350393
0.395589
0.577279
0.550883
0.521435
0.600397
0.686717
0.467074
0.502413
0.233058
0.294157
0.449427
0.41873
0.385911
0.489155
0.124005
0.170894
0.315494
0.278861
0.242006
0.351347
0.507681
0.429527
0.634522
0.581881
0.472794
0.51968
0.304095
0.362859
0.617972
0.680001
0.727174
0.575593
0.515715
0.740809
0.694851
0.31929
0.254025
0.451986
0.550511
0.953816
0.93106
0.843255
0.876366
0.770313
0.910312
0.948827
0.905553
0.854183
0.971216
0.662744
0.799053
0.860167
0.963022
0.924817
0.911952
0.895687
0.994317
0.978974
0.975788
1
1
0.999158
0.998969
0.998709
0.999268
0.999241
0.978974
0.981158
0.998257
0.997732
0.998646
1
0.994955
0.975122
0.911952
0.924668
0.953816
0.971216
0.905553
0.876366
0.948827
0.708647
0.770313
0.727174
0.843255
0.78931
0.93106
0.58353
0.727973
0.639833
0.634522
0.694851
0.575593
0.51968
0.680001
0.258634
0.308673
0.362859
0.304095
0.472794
0.407083
0.638053
0.581881
0.233113
0.177937
0.349427
0.201879
0.249089
0.921276
0.881193
0.835567
0.876956
0.670503
0.730203
0.958114
0.973733
0.916851
0.894842
0.965371
0.953523
0.790053
0.865617
0.935275
0.999391
0.99337
0.999506
0.994119
0.999467
1
1
1
1
1
1
1
1
1
1
1
1
1
1
1
1
1
1
0.999506
1
1
1
1
1
1
1
0.99995
1
0.999991
1
0.921275
0.953522
0.916851
0.876956
0.973732
0.629244
0.691694
0.730203
0.670503
0.835567
0.804382
0.898109
0.881192
0.684477
0.771567
0.595748
0.657848
0.970923
0.942807
0.941996
0.970335
0.807963
0.860004
1
1
0.989437
0.988139
0.988578
0.98979
0.974129
0.985158
1
1
1
1
1
1
1
1
1
1
1
1
1
1
1
1
1
1
1
1
0.970922
0.989788
0.989435
0.970334
1
0.804599
0.85684
0.860004
0.807963
0.941994
0.939526
0.940185
0.942805
0.914625
0.933147
0.789445
0.847537
0.886627
0.839217
0.887474
0.926185
0.731216
0.789142
0.999848
0.997885
0.993955
0.999787
0.95707
0.967321
0.899949
0.92415
0.985111
0.975647
1
1
1
1
1
1
1
1
1
1
1
1
1
1
1
1
1
1
1
0.886627
0.92415
0.957069
0.926184
0.999787
0.993955
0.997884
0.748196
0.805632
0.789142
0.731214
0.887473
0.901777
0.813608
0.839217
0.932733
0.917269
0.772998
0.82766
0.541216
0.486733
0.598469
0.652181
0.425644
0.484346
0.84645
0.80255
0.702676
0.755811
0.530118
0.588849
0.873198
0.801417
0.884031
0.943923
0.969025
0.99994
0.995985
0.999919
1
1
1
1
1
1
1
1
1
1
0.998775
1
1
0.999845
1
1
1
0.99994
1
1
1
1
1
1
1
1
1
1
1
0.541216
0.588849
0.706763
0.652725
0.80255
0.462691
0.529456
0.475031
0.406043
0.595514
0.649437
0.420214
0.486733
0.777775
0.69279
0.515787
0.574282
0.12318
0.094565
0.13936
0.174068
0.052553
0.0779395
0.35632
0.281808
0.324248
0.210536
0.271507
0.147637
0.460857
0.334807
0.427585
0.404995
0.369637
0.448001
0.486176
0.366499
0.668646
0.585388
0.621519
0.522031
0.603429
0.4385
0.812822
0.680323
0.7457
0.646798
0.624963
0.708734
0.730596
0.654098
0.855375
0.783989
0.748781
0.823633
0.665091
0.973482
0.887222
0.914212
0.89273
0.943216
0.984902
0.982502
0.999999
0.998491
0.997679
0.999119
0.998885
0.91253
0.958649
0.984902
0.987415
1
0.999619
0.999787
0.999119
0.999508
0.646798
0.665091
0.748781
0.730596
0.783989
0.731256
0.654098
0.621519
0.708734
0.785076
0.624963
0.94936
0.851717
0.800479
0.404995
0.4385
0.522031
0.486176
0.585388
0.438637
0.366499
0.324248
0.448001
0.52578
0.369637
0.741869
0.600749
0.509568
0.12318
0.147637
0.210536
0.174068
0.281808
0.0838082
0.115675
0.0779395
0.052553
0.13936
0.189374
0.094565
0.363042
0.242819
0.126089
0.15773
0
0
0.000294951
0.0607663
0.0367824
0.1655
0.0939394
0.236081
0.0939394
0.217231
0.0367824
0.11502
0.000294951
0.0141648
0
0
0
0
0
0
0
0
0
0
0
0
0
0
0
0
0
0
0
0
0
0
0
0
0
0
0
0
0
0
0
0
0
0
0
0
0
0
0
0
0
0
0
0
0
0
0
0
0
0
0
0
0
0
0
0
0
0
0
0
0
0
0
0
0
0
1
1
1
1
1
1
1
1
0.981158
1
1
0.998257
0.998646
0.998709
0.997732
0.999158
0.999241
0.998969
1
1
1
1
1
1
1
1
1
0.975788
0.994317
1
1
1
1
1
1
1
1
1
1
1
1
1
1
1
1
1
1
1
1
1
1
1
1
1
1
1
1
1
1
1
1
1
1
1
1
1
1
1
1
1
1
1
1
1
1
1
1
1
1
1
1
1
1
1
1
1
1
1
1
1
1
1
1
1
1
0.999109
1
1
1
1
1
1
1
1
1
1
1
1
1
1
1
1
1
1
1
1
0.999108
1
1
1
1
1
1
1
1
1
1
1
1
1
1
1
1
1
1
1
1
1
1
1
1
1
1
1
1
1
0.999804
1
1
1
1
1
1
1
1
0.999908
1
1
0.999649
1
1
1
1
1
1
1
1
1
1
1
1
1
1
1
1
1
1
1
1
1
1
1
1
1
1
1
1
1
1
1
1
1
1
1
1
1
1
1
1
1
1
1
1
1
1
1
1
1
1
1
1
1
0.999649
1
1
0.999876
1
1
1
1
1
1
0.999804
1
1
1
1
1
1
1
1
1
1
0.999863
1
0.987359
1
0.999999
0.994955
1
1
1
1
1
1
1
1
1
1
1
1
1
1
1
0.924668
0.975122
1
1
1
1
1
1
1
1
1
1
1
0.999999
1
1
1
1
1
1
0.963021
0.987359
1
1
0.999863
1
1
1
0.895687
0.924817
1
1
1
1
1
1
1
1
1
1
0.999764
1
0.999927
1
1
1
1
1
1
1
0.999991
1
1
0.99995
1
1
1
1
1
1
1
1
1
1
1
1
1
1
1
0.999391
1
1
0.999958
1
1
0.999764
1
1
1
1
1
1
1
1
1
0.994119
0.99337
0.999467
1
1
1
1
1
1
1
1
1
1
1
1
1
1
1
1
1
1
1
1
1
1
1
1
1
1
1
1
1
1
1
1
1
1
1
1
1
1
1
1
1
1
1
1
1
1
1
1
1
1
0.828388
0.91253
0.851438
0.987415
0.999619
0.999508
0.999787
1
0.958649
0.851438
0.89273
0.828388
0.982502
0.998491
0.998885
0.997679
0.999999
0.943216
1
1
1
1
1
1
1
1
1
1
1
1
1
1
1
1
1
1
1
1
1
1
1
1
1
1
1
1
1
1
1
1
1
1
1
1
1
1
1
1
1
1
1
1
1
1
1
1
1
1
1
1
1
1
1
1
1
1
1
1
1
1
1
1
1
1
1
1
1
1
1
1
1
1
0.928178
0.902395
0.911128
0.998775
0.989214
0.996489
0.999515
1
0.999845
0.998524
0.951498
1
1
1
1
1
1
1
1
1
1
1
1
1
1
1
1
1
1
1
1
1
1
1
0.928178
0.951498
0.989214
0.996489
0.998524
1
0.999515
0.943923
0.911128
0.902395
0.995985
0.99996
1
1
1
1
0.969025
1
1
1
1
1
1
1
1
1
1
1
1
1
1
1
1
1
1
1
1
1
1
1
1
1
1
1
1
1
1
1
1
1
1
1
1
1
1
1
1
1
1
1
1
1
1
1
1
0.110517
0.277702
0.375413
0.375413
0.277702
0.110517
0.075118
0.0353371
0.00167409
0.0333778
0.0850905
0.029641
0.00493209
0.199969
0.244509
0.191855
0.142324
0.523393
0.572705
0.61741
0.53953
0.465622
0.799032
0.768945
0.697291
0.618631
0.523393
0.479127
0.433103
0.362778
0.285601
0.165816
0.0850905
0.029641
0.00493209
0.243918
0.359414
0.30597
0.233984
0.617524
0.676284
0.629224
0.57614
1
1
1
0.90901
0.873263
0.833877
0.792482
0.50839
0.379106
0.306496
0.233984
0.408445
0.547794
0.521944
0.489483
0.836965
0.884844
0.872906
0.854695
1
1
1
1
1
1
0.995128
0.991046
0.999793
0.999998
0.985767
0.683359
0.547794
0.525067
0.487366
0.345787
0.482332
0.527993
0.547898
0.840267
0.887708
0.896965
0.902776
1
1
1
1
1
1
1
0.995753
0.997263
1
1
1
0.998623
0.999995
1
1
0.620001
0.491271
0.528827
0.541473
0.143815
0.239802
0.310322
0.386192
0.624016
0.681075
0.724852
0.761672
1
1
1
0.915346
0.87801
0.910633
0.933306
0.34868
0.239802
0.310322
0.386192
0
0.00699101
0.0410322
0.0983133
0.211327
0.257097
0.31119
0.364683
0.545196
0.590246
0.632479
0.702922
0.840053
0.861698
0.885633
0.934373
1
0.958595
0.947843
0.980768
0.840053
0.814382
0.784588
0.845165
0.545196
0.497818
0.448704
0.513834
0.582835
0.0372128
0.00699101
0.0425662
0.0950891
1
1
1
1
1
1
1
1
1
1
1
1
1
1
1
1
1
1
1
1
1
1
1
1
1
1
1
1
1
1
1
1
1
1
1
1
1
1
1
1
0.158925
0.12721
0.0353371
0.00901118
0.0596405
0.0827794
0.104842
0.000112595
0.0395354
0.075118
0.170076
0.205534
0.136291
0.186745
0.00167409
0.390207
0.535165
0.618631
0.663164
0.753965
0.810855
0.838358
0.838358
0.810855
0.753965
0.663164
0.535165
0.390207
0.465622
0.158925
0.186745
0.170076
0.136291
0.104842
0.205534
0.000112595
0.00901118
0.0596405
0.0395354
0.0827794
0.12721
0.156974
0.165816
0.526888
0.467569
0.413559
0.781959
0.73545
0.684726
0.745089
0.792482
0.285601
0.362778
0.433103
0.479127
0.902658
0.860622
0.823786
0.977697
0.962721
0.983742
0.697291
0.768945
0.799032
1
1
0.983742
0.962721
0.977696
0.781959
0.823786
0.860622
0.902658
0.53953
0.61741
0.572705
0.745089
0.684726
0.73545
0.413559
0.467569
0.526888
0.57614
0.142324
0.191855
0.244509
0.199969
0.156974
0.0333778
0.434146
0.497569
0.833927
0.813152
0.758662
0.984819
0.965611
0.977465
0.985768
0.833877
0.873264
0.90901
1
1
1
1
1
1
0.977464
0.96561
0.984819
0.758662
0.813152
0.833927
0.854693
0.629224
0.676285
0.617524
0.426921
0.256661
0.555926
0.683359
0.905995
0.907754
0.863296
1
1
0.999214
0.999184
1
1
0.998624
0.999995
1
0.998767
0.991047
0.995129
0.999998
0.999793
1
1
1
1
1
1
1
1
1
1
1
1
1
1
1
0.998766
1
0.999213
1
1
0.999183
1
1
0.863296
0.907753
0.905993
0.902775
0.872906
0.884843
0.836964
0.555926
0.408445
0.445065
0.620001
0.790194
0.819332
0.765941
0.987386
0.967325
0.954286
0.933307
0.997263
1
1
1
0.995754
1
1
1
1
1
1
1
1
1
1
1
1
1
1
1
1
1
0.954285
0.967324
0.987386
0.765941
0.81933
0.790194
0.761672
0.893526
0.887708
0.840266
0.445065
0.357417
0.167109
0.34868
0.425079
0.485465
0.429889
0.747342
0.70383
0.642779
0.582835
0.910633
0.87819
0.91698
1
1
1
1
1
1
0.642779
0.70383
0.747342
0.426899
0.485615
0.431145
0.373767
0.724852
0.681075
0.624016
0.15809
0.143815
0
0.0372128
0.513834
0.448704
0.497818
0.845165
0.784588
0.814382
0.980768
0.947843
0.958595
1
1
0.934373
0.885633
0.861698
0.702922
0.632479
0.590246
0.31119
0.257097
0.211327
1
1
1
1
1
1
1
1
1
1
1
1
1
1
1
1
1
1
1
1
1
1
1
1
1
1
1
1
1
1
1
1
1
1
1
1
1
1
1
1
1
1
1
1
1
1
1
1
1
1
1
1
1
1
1
1
1
1
1
1
1
1
1
1
1
1
1
1
1
1
1
1
1
1
1
1
1
1
1
1
1
1
1
1
1
1
1
1
1
1
1
1
1
1
1
1
1
1
1
1
1
1
1
1
1
1
1
1
1
1
1
1
1
1
1
1
1
1
1
1
1
1
1
1
1
1
1
1
1
1
0
0
0
0
0.352378
0.29856
0.338272
0.290877
0.74847
0.686198
0.696777
0.655041
0.884659
0.83182
0.696777
0.73482
0.568002
0.502108
0.338272
0.385924
0.750404
0.716772
0.782546
0.731558
1
1
1
0.930073
0.903682
0.782546
0.828596
0.902108
0.894191
0.957471
0.925262
1
1
1
1
0.998433
0.99724
1
1
1
0.999976
1
1
0.957469
0.980888
0.857146
0.876041
0.959296
0.927632
1
1
1
1
0.987128
0.991944
0.999651
0.998817
0.999929
1
0.959294
0.982129
0.594268
0.640621
0.792439
0.741654
1
1
1
1
0.802431
0.845185
0.783788
0.834185
0.151103
0.199017
0.347996
0.297934
0.477269
0.5566
0.712716
0.671495
0.760093
0.828141
0.924086
0.906873
0.842728
0.903077
0.924086
0.937616
0.637723
0.714889
0.712716
0.750665
0.313923
0.381458
0.347996
0.398516
0
0
1
1
1
1
1
1
1
1
1
1
1
1
1
1
1
1
1
1
1
1
1
1
1
1
1
1
1
1
1
1
1
1
1
1
1
1
1
1
1
1
1
0.586429
0.530605
0.417887
0.568002
0.629272
0.639881
0.385924
0.502108
0.918907
0.892323
0.809074
0.884659
0.929705
0.940562
0.734821
0.83182
0.918907
0.940562
0.929705
0.74847
0.809074
0.892323
0.655041
0.686198
0.586429
0.639881
0.629272
0.352378
0.417887
0.530605
0.290877
0.29856
0.90378
0.861784
0.78552
0.930073
0.949237
0.938528
0.828596
0.903682
1
1
1
1
1
0.903779
0.938527
0.949237
0.750404
0.785518
0.861783
0.731558
0.716772
0.971932
0.944205
0.904977
0.998358
0.998803
1
0.999969
1
0.999129
1
0.99039
0.998924
0.999035
0.98089
0.997241
1
1
1
1
1
1
1
1
1
1
1
1
1
0.971931
0.990388
0.999034
0.998803
0.998923
0.999129
1
1
1
0.902107
0.904975
0.944203
0.925261
0.89419
0.907632
0.866804
0.841536
0.987129
0.979724
0.941258
0.98213
0.991945
1
0.999652
0.99993
0.998818
1
1
1
1
1
1
1
1
0.907631
0.941257
0.979723
0.857145
0.841536
0.866804
0.927631
0.876039
0.599712
0.539956
0.542253
0.80154
0.756902
0.653386
0.838119
0.845531
1
1
1
1
0.599712
0.653386
0.756902
0.590543
0.535972
0.543518
0.734572
0.630686
0.107093
0.313923
0.248094
0.398516
0.381458
0.407941
0.637723
0.5552
0.750665
0.714889
0.683213
0.842728
0.770458
0.937616
0.903077
0.770458
0.760093
0.683213
0.906873
0.828141
0.5552
0.483161
0.407941
0.670949
0.556386
0.248094
0.151103
0.107093
0.297934
0.199017
1
1
1
1
1
1
1
1
1
1
1
1
1
1
1
1
1
1
1
1
1
1
1
1
1
1
1
1
1
1
1
1
1
1
1
1
1
1
1
1
1
1
1
1
1
1
1
1
1
1
1
1
1
1
1
1
1
1
1
1
1
1
1
1
1
1
1
1
1
1
1
1
1
1
1
1
1
1
1
1
1
1
1
1
1
1
1
1
1
1
1
1
1
1
1
1
1
1
1
1
1
1
1
1
0.0976769
0.226223
0.226223
0.0976769
1
1
1
1
1
1
1
1
1
1
1
1
1
1
1
1
1
1
1
1
1
1
1
1
1
1
1
0
0
0
0
0
0
0
0
0
0
0
0
0
0
0
0
0
0
0
0
0
0
0
0
0
0
0
0
0
0
0
0
0
0
0
0
0
0
0
0
0
0
0
0
0
0
0
0
0
0
0
0
0
0
0
0
0
0
0
0
0
0
0
0
0
0
0
0
0
0
0
0
0
0
0
0
0
0
0
0
0
0
0
0
0
0
0
0
0
0
0
0
0
0
0
0
0
0
0
0
0
0
0
0
0
0
0
0
0
0
0
0
0
0
0
0
0
0
0
0
0
0
0
0
0
0
0
0
0
0
0
0
0
0
0
0
0
0
0
0
0
0
0
0
0
0
0
0
0
0
0
0
0
0
0
0
0
0
0
0
0
0
0
0
0
0
0
0
0
0
0
0
0
0
0
0
0
0
0
0
0
0
0
0
0
0
0
0
0
0
0
0
0
0
0
0
0
0
0
0
0
0
0
0
0
0
0
0
0
0
0
0
0
0
0
0
0
0
0
0
0
0
0
0
0
0
0
0
0
0
0
0
0
0
0
0
0
0
0
0
0
0
0
0
0
0
0
0
0
0
0
0
0
0
0
0
0
0
0
0
0
0
0
0
0
0
0
0
0
0
0
0
0
0
0
0
0
0
0
0
0
0
0
0
0
0
0
0
0
0
0
0
0
0
0
0
0
0
0
0
0
0
0
0
0
0
0
0
0
0
0
0
0
0
0
0
0
0
0
0
0
0
0
0
0
0
0
0
0
0
0
0
0
0
0
0
0
0
0
0
0
0
0
0
0
0
0
0
0
0
0
0
0
0
0
0
0
0
0
0
0
0
0
0
0
0
0
0
0
0
0
0
0
0
0
0
0
0
0
0
0
2.01055e-05
0
0
0.00289227
0.00878569
0
0
0.012546
0.00878569
0
0
0.00289227
2.01055e-05
0
0
0
0
0
0
0
0
0
0
0
0
0
0
0
0
0
0
0
0
0
0
0
0
0
0
0
0
0
0
0
0
0
0
0
0
0
0
0
0
0
0
0
0
0
0
0
0
0
0
0
0
0
0
0
0
0
0
0
0
0
0.000992588
0.0354633
0.0699834
0.0107787
0.0737823
0.194351
0.234867
0.104103
0.175536
0.338593
0.366981
0.198317
0.224608
0.399793
0.393636
0.219943
0.175536
0.338593
0.312928
0.157253
0.0737823
0.194351
0.153159
0.0508439
0.000992588
0.0354633
0.0151151
0
0
0
0
0
0
0
0
0
0
0
0
0
0
0
0
0
0
0
0
0
0
0
0
0
0
0
0
0
0
0
0
0
0
0
0
0
0
0
0
0
0
0
0
0
0
0
0
0
0
0
0.00449335
0
0.0794131
0.116723
0.15281
0.109255
0.376734
0.445125
0.493208
0.421782
0.685308
0.755292
0.788435
0.716038
0.856984
0.915301
0.923821
0.866833
0.904725
0.953106
0.952275
0.903577
0.856984
0.915301
0.903598
0.843681
0.685308
0.755292
0.728176
0.649421
0.376734
0.445125
0.405646
0.331108
0.0794131
0.116723
0.158065
0.085328
0.0320285
0
0
0.0046441
0
0
0
0
0
0
0
0
0
0
0
0
0
0
0
0
0
0
0
0
0
0
0
0
0
0
0
0
0
0
0
0
0
0
0
0
0
0
0
0
0.0160381
0
0.0626772
0.101112
0.193561
0.137579
0.461174
0.511077
0.571133
0.519336
0.87586
0.910765
0.940585
0.909101
1
1
1
1
1
1
1
1
1
1
1
1
1
1
1
1
1
1
1
1
0.87586
0.910765
0.872361
0.836899
0.461174
0.511075
0.556184
0.425548
0.344508
0.0611603
0.106243
0.15022
0.0143748
0
0
0
0
0
0
0
0
0
0
0
0
0
0
0
0
0
0
0
0
0
0
0
0
0
0
0
0
0
0
0
0
0
0
0
0
0
0
0
0.0728192
0.0468198
0.230524
0.257002
0.385341
0.354841
0.74895
0.769076
0.824099
0.804698
1
1
1
1
1
1
1
1
1
1
1
1
1
1
1
1
1
0.999389
0.997249
0.74895
0.769076
0.782533
0.661009
0.621077
0.230173
0.257387
0.276176
0.0728192
0.0501167
0
0
0
0
0
0
0
0
0
0
0
0
0
0
0
0
0
0
0
0
0
0
0
0
0
0
0
0
0
0
0
0
0
0
0
0
0
0
0.0502044
0.0725183
0.275913
0.261121
0.390526
0.408335
0.805154
0.798385
0.851087
0.85747
1
1
1
1
1
1
1
1
1
1
1
1
1
1
1
1
0.805154
0.792884
0.786206
0.664588
0.677793
0.270017
0.26066
0.233437
0.0518035
0.0690623
0
0
0
0
0
0
0
0
0
0
0
0
0
0
0
0
0
0
0
0
0
0
0
0
0
0
0
0
0
0
0
0
0
0
0
0
0
0
1.33615e-05
0.019144
0.156605
0.110042
0.201509
0.263802
0.640049
0.607208
0.667704
0.704869
0.982103
0.967085
0.985031
0.994416
1
1
1
1
1
1
1
1
0.982103
0.964897
0.941423
0.962391
0.640049
0.607208
0.564237
0.440348
0.514667
0.156605
0.110042
0.0680223
1.33615e-05
0.019144
0
0
0
0
0
0
0
0
0
0
0
0
0
0
0
0
0
0
0
0
0
0
0
0
0
0
0
0
0
0
0
0
0
0
0
0
0
0
0
0
0.00682891
0
0.00871807
0.0403429
0.265771
0.212244
0.260631
0.309961
0.677795
0.614149
0.660228
0.724047
0.940628
0.896423
0.915676
0.956522
0.999995
0.991743
0.994965
1
1
1
1
1
1
0.999995
0.991743
0.987222
0.999487
0.999867
0.940628
0.896423
0.872994
0.92041
0.677795
0.614149
0.565158
0.62801
0.270389
0.220467
0.168114
0.0987435
0.175167
0.00485544
0
0
0
0
0
0
0
0
0
0
0
0
0
0
0
0
0
0
0
0
0
0
0
0
0
0
0
0
0
0
0
0
0
0
0
0
0
0
0
0
0
0
0
0
0
0
0
0
0
0
0.000897408
0
0
0.0148931
0.136461
0.0469725
0.0765842
0.19256
0.370483
0.213002
0.25405
0.423359
0.547822
0.358427
0.388409
0.574483
0.61137
0.421849
0.413178
0.602782
0.547822
0.358427
0.318306
0.507535
0.370483
0.213002
0.16747
0.309671
0.136461
0.0469725
0.0199487
0.0847026
0.000897408
0
0
0
0
0
0
0
0
0
0
0
0
0
0
0
0
0
0
0
0
0
0
0
0
0
0
0
0
0
0
0
0
0
0
0
0
0
0
0
0
0
0
0
0
0
0
0
0
0
0
0
0
0
0
0
0
0
0
0
0
0
0
0.00711867
0
0
0.011484
0.0180245
0
0
0.0157598
0.00711867
0
0
0.00278515
0
0
0
0
0
0
0
0
0
0
0
0
0
0
0
0
0
0
0
0
0
0
0
0
0
0
0
0
0
0
0
0
0
0
0
0
0
0
0
0
0
0
0
0
0
0
0
0
0
0
0
0
0
0
0
0
0
0
0
0
0
0
0
0
0
0
0
0
0
0
0
0
0
0
0
0
0
0
0
0
0
0
0
0
0
0
0
0
0
0
0
0
0
0
0
0
0
0
0
0
0
0
0
0
0
0
0
0
0
0
0
0
0
0
0
0
0
0
0
0
0
0
0
0
0
0
0
0
0
0
0
0
0
0
0
0
0
0
0
0
0
0
0
0
0
0
0
0
0
0
0
0
0
0
0
0
0
0
0
0
0
0
0
0
0
0
0
0
0
0
0
0
0
0
0
0
0
0
0
0
0
0
0
0
0
0
0
0
0
0
0
0
0
0
0
0
0
0
0
0
0
0
0
0
0
0
0
0
0
0
0
0
0
0
0
0
0
0
0
0
0
0
0
0
0
0
0
0
0
0
0
0
0
0
0
0
0
0
0
0
0
0
0
0
0
0
0
0
0
0
0
0
0
0
0
0
0
0
0
0
0
0
0
0
0
0
0
0
0
0
0
0
0
0
0
0
0
0
0
0
0
0
0
0
0
0
0
0
0
0
0
0
0
0
0
0
0
0
0
0
0
0
0
0
0
0
0
0
0
0
0
0
0
0
0
0
0
0
0
0
0
0
0
0
0
0
0
0
0
0
0
0
0
0
0
0
0
0
0
0
0
0
0
0
0
0
0
0
0
0
0
0
0
0
0
0
0
0
0
0
0
0
0
0
0
0
0
0
0
0
0
0
0
0
0
0
0
0
0
0
0
0
0
0
0
0
0
0
0
0
0
0
0
0
0
0
0
0
0
0
0
0
0
0
0
0
0
0
0
0
0
0
0
0
0
0
0
0
0
0
0
0
0
0
0
0
0
0
0
0
0
0
0
0
0
0
0
0
0
0
0
0
0
0
0
0
0
0
0
0
0
0
0
0
0
0
0
0
0
0
0
0
0
0
0
0
0
0
0
0
0
0
0
0
0
0
0
0
0
0
0
0
0
0
0
0
0
0
0
0
0
0
0
0
0
0
0
0
0
0
0
0
0
0
0
0
0
0
0
0
0
0
0
0
0
0
0
0
0
0
0
0
0
0
0
0
0
0
0
0
0
0
0
0
0
0
0
0
0
0
0
0
0
0
0
0
0
0
0
0
0
0
0
0
0
0
0
0
0
0
0
0
0
0
0
0
0
0
0
0
0
0
0
0
0
0
0
0
0
0
0
0
0
0
0
0
0
0
0
0
0
0
0
0
0
0
0
0
0
0
0
0
0
0
0
0
0
0
0
0
0
0
0
0
0
0
0
0
0
0
0
0
0
0
0
0
0
0
0
0
0
0
0
0
0
0
0
0
0
0
0
0
0
0
0
0
0
0
0
0
0
0
0
0
0
0
0
0
0
0
0
0
0
0
0
0
0
0
0
0
0
0
0
0
0
0
0
0
0
0
0
0
0
0
0
0
0
0
0
0
0
0
0
0
0
0
0
0
0
0
0
0
0
0
0
0
0
0
0
0
0
0
0
0
0
0
0
0
0
0
0
0
0
0
0
0
0
0
0
0
0
0
0
0
0
0
0
0
0
0
0
0
0
0
0
0
0
0
0
0
0
0
0
0
0
0
0
0
0
0
0
0
0
0
0
0
0
0
0
0
0
0
0
0
0
0
0
0
0
0
0
0
0
0
0
0
0
0
0
0
0
0
0
0
0
0
0
0
0
0
0
0
0
0
0
0
0
0
0
0
0
0
0
0
0
0
0
0
0
0
0
0
0
0
0
0
0
0
0
0
0
0
0
0
0
0
0
0
0
0
0
0
0
0
0
0
0
0
0
0
0
0
0
0
0
0
0
0
0
0
0
0
0
0
0
0
0
0
0
0
0
0
0
0
0
0
0
0
0
0
0
0
0
0
0
0
0
0
0
0
0
0
0
0
0
0
0
0
0
0
0
0
0
0
0
0
0
0
0
0
0
0
0
0
0
0
0
0
0
0
0
0
0
0
0
0
0
0
0
0
0
0
0
0
0
0
0
0
0
0
0
0
0
0
0
0
0
0
0
0
0
0
0
0
0
0
0
0
0
0
0
0
0
0
0
0
0
0
0
0
0
0
0
0
0
0
0
0
0
0
0
0
0
0
0
0
0
0
0
0
0
0
0
0
0
0
0
0
0
0
0
0
0
0
0
0
0
0
0
0
0
0
0
0
0
0
0
0
0
0
0
0
0
0
0
0
0
0
0
0
0
0
0
0
0
0
0
0
0
0
0
0
0
0
0
0
0
0
0
0
0
0
0
0
0
0
0
0
0
0
0
0
0
0
0
0
0
0
0
0
0
0
0
0
0
0
0
0
0
0
0
0
0
0
0
0
0
0
0
0
0
0
0
0
0
0
0
0
0
0
0
0
0
0
0
0
0
0
0
0
0
0
0
0
0
0
0
0
0
0
0
0
0
0
0
0
0
0
0
0
0
0
0
0
0
0
0
0
0
0
0
0
0
0
0
0
0
0
0
0
0
0
0
0
0
0
0
0
0
0
0
0
0
0
0
0
0
0
0
0
0
0
0
0
0
0
0
0
0
0
0
0
0
0
0
0
0
0
0
0
0
0
0
0
0
0
0
0
0
0
0
0
0
0
0
0
0
0
0
0
0
0
0
0
0
0
0
0
0
0
0
0
0
0
0
0
0
0
0
0
0
0
0
0
0
0
0
0
0
0
0
0
0
0
0
0
0
0
0
0
0
0
0
0
0
0
0
0
0
0
0
0
0
0
0
0
0
0
0
0
0
0
0
0
0
0
0
0
0
0
0
0
0
0
0
0
0
0
0
0
0
0
0
0
0
0
0
0
0
0
0
0
0
0
0
0
0
0
0
0
0
0
0
0
0
0
0
0
0
0
0
0
0
0
0
0
0
0
0
0
0
0
0
0
0
0
0
0
0
0
0
0
0
0
0
0
0
0
0
0
0
0
0
0
0
0
0
0
0
0
0
0
0
0
0
0
0
0
0
0
0
0
0
0
0
0
0
0
0
0
0
0
0
0
0
0
0
0
0
0
0
0
0
0
0
0
0
0
0
0
0
0
0
0
0
0
0
0
0
0
0
0
0
0
0
0
0
0
0
0
0
0
0
0
0
0
0
0
0
0
0
0
0
0
0
0
0
0
0
0
0
0
0
0
0
0
0
0
0
0
0
0
0
0
0
0
0
0
0
0
0
0
0
0
0
0
0
0
0
0
0
0
0
0
0
0
0
0
0
0
0
0
0
0
0
0
0
0
0
0
0
0
0
0
0
0
0
0
0
0
0
0
0
0
0
0
0
0
0
0
0
0
0
0
0
0
0
0
0
0
0
0
0
0
0
0
0
0
0
0
0
0
0
0
0
0
0
0
0
0
0
0
0
0
0
0
0
0
0
0
0
0
0
0
0
0
0
0
0
0
0
0
0
0
0
0
0
0
0
0
0
0
0
0
0
0
0
0
0
0
0
0
0
0
0
0
0
0
0
0
0
0
0
0
0
0
0
0
0
0
0
0
0
0
0
0
0
0
0
0
0
0
0
0
0
0
0
0
0
0
0
0
0
0
0
0
0
0
0
0
0
0
0
0
0
0
0
0
0
0
0
0
0
0
0
0
0
0
0
0
0
0
0
0
0
0
0
0
0
0
0
0
0
0
0
0
0
0
0
0
0
0
0
0
0
0
0
0
0
0
0
0
0
0
0
0
0
0
0
0
0
0
0
0
0
0
0
0
0
0
0
0
0
0
0
0
0
0
0
0
0
0
0
0
0
0
0
0
0
0
0
0
0
0
0
0
0
0
0
0
0
0
0
0
0
0
0
0
0
0
0
0
0
0
0
0
0
0
0
0
0
0
0
0
0
0
0
0
0
0
0
0
0
0
0
0
0
0
0
0
0
0
0
0
0
0
0
0
0
0
0
0
0
0
0
0
0
0
0
0
0
0
0
0
0
0
0
0
0
0
0
0
0
0
0
0
0
0
0
0
0
0
0
0
0
0
0
0
0
0
0
0
0
0
0
0
0
0
0
0
0
0
0
0
0
0
0
0
0
0
0
0
0
0
0
0
0
0
0
0
0
0
0
0
0
0
0
0
0
0
0
0
0
0
0
0
0
0
0
0
0
0
0
0
0
0
0
0
0
0
0
0
0
0
0
0
0
0
0
0
0
0
0
0
0
0
0
0
0
0
0
0
0
0
0
0
0
0
0
0
0
0
0
0
0
0
0
0
0
0
0
0
0
0
0
0
0
0
0
0
0
0
0
0
0
0
0
0
0
0
0
0
0
0
0
0
0
0
0
0
0
0
0
0
0
0
0
0
0
0
0
0
0
0
0
0
0
0
0
0
0
0
0
0
0
0
0
0
0
0
0
0
0
0
0
0
0
0
0
0
0
0
0
0
0
0
0
0
0
0
0
0
0
0
0
0
0
0
0
0
0
0
0
0
0
0
0
0
0
0
0
0
0
0
0
0
0
0
0
0
0
0
0
0
0
0
0
0
0
0
0
0
0
0
0
0
0
0
0
0
0
0
0
0
0
0
0
0
0
0
0
0
0
0
0
0
0
0
0
0
0
0
0
0
0
0
0
0
0
0
0
0
0
0
0
0
0
0
0
0
0
0
0
0
0
0
0
0
0
0
0
0
0
0
0
0
0
0
0
0
0
0
0
0
0
0
0
0
0
0
0
0
0
0
0
0
0
0
0
0
0
0
0
0
0
0
0
0
0
0
0
0
0
0
0
0
0
0
0
0
0
0
0
0
0
0
0
0
0
0
0
0
0
0
0
0
0
0
0
0
0
0
0
0
0
0
0
0
0
0
0
0
0
0
0
0
0
0
0
0
0
0
0
0
0
0
0
0
0
0
0
0
0
0
0
0
0
0
0
0
0
0
0
0
0
0
0
0
0
0
0
0
0
0
0
0
0
0
0
0
0
0
0
0
0
0
0
0
0
0
0
0
0
0
0
0
0
0
0
0
0
0
0
0
0
0
0
0
0
0
0
0
0
0
0
0
0
0
0
0
0
0
0
0
0
0
0
0
0
0
0
0
0
0
0
0
0
0
0
0
0
0
0
0
0
0
0
0
0
0
0
0
0
0
0
0
0
0
0
0
0
0
0
0
0
0
0
0
0
0
0
0
0
0
0
0
0
0
0
0
0
0
0
0
0
0
0
0
0
0
0
0
0
0
0
0
0
0
0
0
0
0
0
0
0
0
0
0
0
0
0
0
0
0
0
0
0
0
0
0
0
0
0
0
0
0
0
0
0
0
0
0
0
0
0
0
0
0
0
0
0
0
0
0
0
0
0
0
0
0
0
0
0
0
0
0
0
0
0
0
0
0
0
0
0
0
0
0
0
0
0
0
0
0
0
0
0
0
0
0
0
0
0
0
0
0
0
0
0
0
0
0
0
0
0
0
0
0
0
0
0
0
0
0
0
0
0
0
0
0
0
0
0
0
0
0
0
0
0
0
0
0
0
0
0
0
0
0
0
0
0
0
0
0
0
0
0
0
0
0
0
0
0
0
0
0
0
0
0
0
0
0
0
0
0
0
0
0
0
0
0
0
0
0
0
0
0
0
0
0
0
0
0
0
0
0
0
0
0
0
0
0
0
0
0
0
0
0
0
0
0
0
0
0
0
0
0
0
0
0
0
0
0
0
0
0
0
0
0
0
0
0
0
0
0
0
0
0
0
0
0
0
0
0
0
0
0
0
0
0
0
0
0
0
0
0
0
0
0
0
0
0
0
0
0
0
0
0
0
0
0
0
0
0
0
0
0
0
0
0
0
0
0
0
0
0
0
0
0
0
0
0
0
0
0
0
0
0
0
0
0
0
0
0
0
0
0
0
0
0
0
0
0
0
0
0
0
0
0
0
0
0
0
0
0
0
0
0
0
0
0
0
0
0
0
0
0
0
0
0
0
0
0
0
0
0
0
0
0
0
0
0
0
0
0
0
0
0
0
0
0
0
0
0
0
0
0
0
0
0
0
0
0
0
0
0
0
0
0
0
0
0
0
0
0
0
0
0
0
0
0
0
0
0
0
0
0
0
0
0
0
0
0
0
0
0
0
0
0
0
0
0
0
0
0
0
0
0
0
0
0
0
0
0
0
0
0
0
0
0
0
0
0
0
0
0
0
0
0
0
0
0
0
0
0
0
0
0
0
0
0
0
0
0
0
0
0
0
0
0
0
0
0
0
0
0
0
0
0
0
0
0
0
0
0
0
0
0
0
0
0
0
0
0
0
0
0
0
0
0
0
0
0
0
0
0
0
0
0
0
0
0
0
0
0
0
0
0
0
0
0
0
0
0
0
0
0
0
0
0
0
0
0
0
0
0
0
0
0
0
0
0
0
0
0
0
0
0
0
0
0
0
0
0
0
0
0
0
0
0
0
0
0
0
0
0
0
0
0
0
0
0
0
0
0
0
0
0
0
0
0
0
0
0
0
0
0
0
0
0
0
0
0
0
0
0
0
0
0
0
0
0
0
0
0
0
0
0
0
0
0
0
0
0
0
0
0
0
0
0
0
0
0
0
0
0
0
0
0
0
0
0
0
0
0
0
0
0
0
0
0
0
0
0
0
0
0
0
0
0
0
0
0
0
0
0
0
0
0
0
0
0
0
0
0
0
0
0
0
0
0
0
0
0
0
0
0
0
0
0
0
0
0
0
0
0
0
0
0
0
0
0
0
0
0
0
0
0
0
0
0
0
0
0
0
0
0
0
0
0
0
0
0
0
0
0
0
0
0
0
0
0
0
0
0
0
0
0
0
0
0
0
0
0
0
0
0
0
0
0
0
0
0
0
0
0
0
0
0
0
0
0
0
0
0
0
0
0
0
0
0
0
0
0
0
0
0
0
0
0
0
0
0
0
0
0
0
0
0
0
0
0
0
0
0
0
0
0
0
0
0
0
0
0
0
0
0
0
0
0
0
0
0
0
0
0
0
0
0
0
0
0
0
0
0
0
0
0
0
0
0
0
0
0
0
0
0
0
0
0
0
0
0
0
0
0
0
0
0
0
0
0
0
0
0
0
0
0
0
0
0
0
0
0
0
0
0
0
0
0
0
0
0
0
0
0
0
0
0
0
0
0
0
0
0
0
0
0
0
0
0
0
0
0
0
0
0
0
0
0
0
0
0
0
0
0
0
0
0
0
0
0
0
0
0
0
0
0
0
0
0
0
0
0
0
0
0
0
0
0
0
0
0
0
0
0
0
0
0
0
0
0
0
0
0
0
0
0
0
0
0
0
0
0
0
0
0
0
0
0
0
0
0
0
0
0
0
0
0
0
0
0
0
0
0
0
0
0
0
0
0
0
0
0
0
0
0
0
0
0
0
0
0
0
0
0
0
0
0
0
0
0
0
0
0
0
0
0
0
0
0
0
0
0
0
0
0
0
0
0
0
0
0
0
0
0
0
0
0
0
0
0
0
0
0
0
0
0
0
0
0
0
0
0
0
0
0
0
0
0
0
0
0
0
0
0
0
0
0
0
0
0
0
0
0
0
0
0
0
0
0
0
0
0
0
0
0
0
0
0
0
0
0
0
0
0
0
0
0
0
0
0
0
0
0
0
0
0
0
0
0
0
0
0
0
0
0
0
0
0
0
0
0
0
0
0
0
0
0
0
0
0
0
0
0
0
0
0
0
0
0
0
0
0
0
0
0
0
0
0
0
0
0
0
0
0
0
0
0
0
0
0
0
0
0
0
0
0
0
0
0
0
0
0
0
0
0
0
0
0
0
0
0
0
0
0
0
0
0
0
0
0
0
0
0
0
0
0
0
0
0
0
0
0
0
0
0
0
0
0
0
0
0
0
0
0
0
0
0
0
0
0
0
0
0
0
0
0
0
0
0
0
0
0
0
0
0
0
0
0
0
0
0
0
0
0
0
0
0
0
0
0
0
0
0
0
0
0
0
0
0
0
0
0
0
0
0
0
0
0
0
0
0
0
0
0
0
0
0
0
0
0
0
0
0
0
0
0
0
0
0
0
0
0
0
0
0
0
0
0
0
0
0
0
0
0
0
0
0
0
0
0
0
0
0
0
0
0
0
0
0
0
0
0
0
0
0
0
0
0
0
0
0
0
0
0
0
0
0
0
0
0
0
0
1
1
1
1
1
0.903577
0.952275
1
1
1
1
0.866833
0.923821
1
1
1
1
1
1
1
1
1
1
1
1
1
1
1
1
1
1
1
1
1
1
1
1
1
1
1
1
1
1
0.999295
0.99159
1
1
1
1
1
1
1
1
1
1
0.991973
0.999295
0.994357
1
0.983727
0.972193
1
1
0.999867
1
1
1
1
1
1
1
1
1
0.972193
0.983727
0.956522
1
1
1
1
0.843681
0.903598
1
1
1
0.716038
0.788435
1
0.999994
1
1
1
1
1
1
1
1
1
1
1
1
1
1
1
1
1
1
1
1
1
1
1
1
1
1
1
0.999994
1
0.909101
0.940585
1
1
1
1
1
1
1
1
1
1
1
1
1
1
1
1
1
1
1
1
1
1
1
1
1
1
1
1
1
1
1
1
1
1
1
1
1
1
1
1
1
1
1
1
1
1
1
1
1
1
1
1
1
1
1
1
1
1
1
1
1
1
1
1
1
1
1
1
1
1
1
1
1
1
1
1
1
1
1
1
1
1
1
1
1
1
1
1
1
1
1
1
1
1
1
1
1
1
1
1
1
1
1
1
1
1
1
1
1
1
1
1
1
1
1
1
1
1
1
1
1
1
1
1
1
1
1
1
1
1
1
1
1
1
1
1
1
1
1
1
1
1
1
1
1
1
1
1
1
1
1
1
1
1
1
1
1
1
1
1
1
1
1
1
1
1
1
1
1
1
1
1
1
1
1
1
1
1
1
1
1
1
1
1
1
1
1
1
1
1
1
1
1
1
1
1
1
1
1
1
1
1
1
1
1
1
1
1
1
1
1
1
1
1
1
1
1
1
1
1
1
1
1
1
1
1
1
0.752362
0.739736
0.723458
0.784871
0.783122
0.777602
0.602782
1
0.777602
0.783122
0.723458
0.739736
0.752362
0.574483
1
0.994965
1
1
1
1
1
1
0.999499
1
1
0.999891
1
1
1
1
1
1
1
1
1
1
1
1
1
1
1
0.999499
0.999891
1
1
1
1
1
1
1
1
1
1
1
1
1
1
1
1
1
1
1
1
1
1
1
1
1
1
1
1
1
1
1
1
1
1
1
1
1
1
1
1
1
1
1
1
1
1
1
1
1
1
1
1
1
1
1
1
1
1
1
1
1
1
1
1
1
1
1
1
1
1
1
1
1
1
1
1
1
1
1
1
1
1
1
1
1
1
1
1
1
1
1
1
1
1
1
1
1
1
1
1
1
1
1
1
1
1
1
1
1
1
1
1
1
1
1
1
1
1
1
1
1
1
1
1
1
1
1
1
1
1
1
1
1
1
1
1
1
1
1
1
1
1
1
1
1
1
1
1
1
1
1
1
1
1
1
1
1
1
1
1
1
1
1
1
1
1
1
1
1
1
1
1
1
1
1
1
1
1
1
1
1
1
1
1
1
1
1
1
1
1
1
1
1
1
1
1
1
1
1
1
1
1
1
1
1
1
1
1
1
1
1
1
1
1
1
1
1
1
1
1
1
1
1
1
1
1
1
1
1
1
1
1
1
1
1
1
1
1
1
1
1
1
1
1
1
1
1
1
1
1
1
1
1
1
1
1
1
1
1
1
1
1
1
1
1
1
1
1
1
1
1
1
1
1
1
1
1
1
1
1
1
1
1
1
1
1
1
1
1
1
1
1
1
1
1
1
1
1
1
1
1
1
1
1
1
1
1
1
1
1
1
1
1
1
1
1
1
1
1
1
1
1
1
1
1
1
1
1
1
1
1
1
1
1
1
1
1
1
1
1
1
1
1
1
1
1
1
1
1
1
1
1
1
1
1
1
1
1
1
1
1
1
1
1
1
1
1
1
1
1
1
1
1
1
1
1
1
1
1
1
1
1
1
1
1
1
1
1
1
1
1
1
1
1
1
1
1
1
1
1
1
1
1
1
1
1
1
1
1
1
1
1
1
1
1
1
1
1
1
1
1
0.783669
0.740731
0.956155
0.92041
1
1
1
1
1
1
1
1
1
1
1
1
1
1
1
1
1
1
1
1
1
1
1
1
1
1
1
1
0.956155
0.740731
0.783669
0.724047
0.98415
1
1
1
1
1
1
1
1
1
1
1
1
1
1
1
1
1
1
1
1
1
1
1
1
1
1
1
1
1
1
1
1
1
1
1
1
1
1
1
1
1
1
1
1
1
1
1
1
1
1
1
1
1
1
1
1
1
1
1
1
1
1
1
1
1
1
1
1
1
1
1
1
1
1
1
1
1
1
1
1
1
1
1
1
1
1
1
1
1
1
1
1
1
1
1
1
1
1
1
1
1
1
1
1
1
1
1
1
1
1
1
1
1
1
1
1
1
1
1
1
1
1
1
1
1
1
1
1
1
1
1
1
1
1
1
1
1
1
1
1
1
1
1
1
1
1
1
1
1
1
1
1
1
1
1
1
1
1
1
1
1
1
1
1
1
1
1
1
1
1
1
1
1
1
1
1
1
1
1
1
1
1
1
1
1
1
1
1
1
1
1
1
1
1
1
1
1
1
1
1
1
1
1
1
1
1
1
1
1
1
1
1
1
1
1
1
1
1
1
1
1
1
1
1
1
1
1
1
1
1
1
1
1
1
1
1
1
1
1
1
1
1
1
1
1
1
1
1
1
1
1
1
1
1
1
1
1
1
1
1
1
1
1
1
1
1
1
1
1
1
1
1
1
1
1
1
1
1
1
1
1
1
1
1
1
1
1
1
1
1
1
1
1
1
1
1
1
1
1
1
1
1
1
1
1
1
1
1
1
1
1
1
1
1
1
1
1
1
1
1
1
1
1
1
1
1
1
1
1
1
1
1
1
1
1
1
1
1
1
1
1
1
1
1
1
1
1
1
1
1
1
1
1
1
1
1
1
1
1
1
1
1
1
1
1
1
1
1
1
1
1
1
1
1
1
1
1
1
1
1
1
1
1
1
1
1
1
1
1
1
1
1
1
1
1
1
1
1
1
1
1
1
1
1
1
1
1
1
1
1
1
1
1
1
1
1
1
1
1
1
1
1
1
1
1
1
1
1
1
1
1
1
1
1
1
1
1
1
1
1
1
1
1
1
1
1
1
1
1
1
1
1
1
1
1
1
1
1
1
1
1
1
1
1
1
1
1
1
1
1
1
1
1
1
1
1
1
1
1
1
1
1
1
1
1
1
1
1
1
1
1
1
1
1
1
1
1
1
1
1
1
1
1
1
1
1
1
1
1
1
1
1
1
1
1
1
1
1
1
1
1
1
1
1
1
1
1
1
1
1
1
1
1
1
1
1
1
1
1
1
1
1
1
1
1
1
1
1
1
1
1
1
1
1
1
1
1
1
1
1
1
1
1
1
1
1
1
1
1
1
1
1
1
1
1
1
1
1
1
1
1
1
1
1
1
1
1
1
1
1
1
1
1
1
1
1
1
1
1
1
1
1
1
1
1
1
1
1
1
1
1
1
1
1
1
1
1
1
1
1
1
1
1
1
1
1
1
1
1
1
1
1
1
1
1
1
1
1
1
1
1
1
1
1
1
1
1
1
1
1
1
1
1
1
1
1
1
1
1
1
1
1
1
1
1
1
1
1
1
1
1
1
1
1
1
1
1
1
1
1
1
1
1
1
1
1
1
1
1
1
1
1
1
1
1
1
1
1
1
1
1
1
1
1
1
1
1
1
1
1
1
1
1
1
1
1
1
1
1
1
1
1
1
1
1
1
1
1
1
1
1
1
1
1
1
1
1
1
1
1
1
1
1
1
1
1
1
1
1
1
1
1
1
1
1
1
1
1
1
1
1
1
1
1
1
1
1
1
1
1
1
1
1
1
1
1
1
1
1
1
1
1
1
1
1
1
1
1
1
1
1
1
1
1
1
1
1
1
1
1
1
1
1
1
1
1
1
1
1
1
1
1
1
1
1
1
1
1
1
1
1
1
1
1
1
1
1
1
1
1
1
1
1
1
1
1
1
1
1
1
1
1
1
1
1
1
1
1
1
1
1
1
1
1
1
1
1
1
1
1
1
1
1
1
1
1
1
1
1
1
1
1
1
1
1
1
1
1
1
1
1
1
1
1
1
1
1
1
1
1
1
1
1
1
1
1
1
1
1
1
1
1
1
1
1
1
1
1
1
1
1
1
1
1
1
1
1
1
1
1
1
1
1
1
1
1
1
1
1
1
1
1
1
1
1
1
1
1
1
1
1
1
1
1
1
1
1
1
1
1
1
1
1
1
1
1
1
1
1
1
1
1
1
1
1
1
1
1
1
1
1
1
1
1
1
1
1
1
1
1
1
1
1
1
1
1
1
1
1
1
1
1
1
1
1
1
1
1
1
1
1
1
1
1
1
1
1
1
1
1
1
1
1
1
1
1
1
1
1
1
1
1
1
1
1
1
1
1
1
1
1
1
1
1
1
1
1
1
1
1
1
1
1
1
1
1
1
1
1
1
1
1
1
1
1
1
1
1
1
1
1
1
1
1
1
1
1
1
1
1
1
1
1
1
1
1
1
1
1
1
1
1
1
1
1
1
1
1
1
1
1
1
1
1
1
1
1
1
1
1
1
1
1
1
1
1
1
1
1
1
1
1
1
1
1
1
1
1
1
1
1
1
1
1
1
1
1
1
1
1
1
1
1
1
1
1
1
1
1
1
1
1
1
1
1
1
1
1
1
1
1
1
1
1
1
1
1
1
1
1
1
1
1
1
1
1
1
1
1
1
1
1
1
1
1
1
1
1
1
1
1
1
1
1
1
1
1
1
1
1
1
1
1
1
1
1
1
1
1
1
1
1
1
1
1
1
1
1
1
1
1
1
1
1
1
1
1
1
1
1
1
1
1
1
1
1
1
1
1
1
1
1
1
1
1
1
1
1
1
1
1
1
1
1
1
1
1
1
1
1
1
1
1
1
1
1
1
1
1
1
1
1
1
1
1
1
1
1
1
1
1
1
1
1
1
1
1
1
1
1
1
1
1
1
1
1
1
1
1
1
1
1
1
1
1
1
1
1
1
1
1
1
1
1
1
1
1
1
1
1
1
1
1
1
1
1
1
1
1
1
1
1
1
1
1
1
1
1
1
1
1
1
1
1
1
1
1
1
1
1
1
1
1
1
1
1
1
1
1
1
1
1
1
1
1
1
1
1
1
1
1
1
1
1
1
1
1
1
1
1
1
1
1
1
1
1
1
1
1
1
1
1
1
1
1
1
1
1
1
1
1
1
1
1
1
1
1
1
1
1
1
1
1
1
1
1
1
1
1
1
1
1
1
1
1
1
1
1
1
1
1
1
1
1
1
1
1
1
1
1
1
1
1
1
1
1
1
1
1
1
1
1
1
1
1
1
1
1
1
1
1
1
1
1
1
1
1
1
1
1
1
1
1
1
1
1
1
1
1
1
1
1
1
1
1
1
1
1
1
1
1
1
1
1
1
1
1
1
1
1
0.070961
0.0476844
0.308346
0.266988
0.331108
0
0.0151151
0.349625
0.605578
0.565034
0.649421
0.0508439
0.153159
0.636077
0.786108
0.771866
0.157253
0.312928
0.796759
0.841655
0.840231
0.219943
0.393636
0.840231
0.786108
0.796759
0.198317
0.366981
0.771866
0.605578
0.636075
0.104103
0.234867
0.565034
0.308346
0.349625
0.421782
0.0107787
0.0699834
0.266988
0.0476844
0.070961
0.109255
0
0
0.0810523
0.0277342
0.407471
0.359398
0.249318
0.344508
0.0320285
0.085328
0.158065
0.463061
0.828728
0.790995
0.836899
0.405646
0.868515
0.999013
0.99419
0.999992
0.728176
0.931349
0.948101
0.904059
0.884184
0.984123
0.955318
0.941981
0.974689
0.785789
0.766294
0.836631
0.854924
1
0.991404
0.987448
0.999992
0.997467
0.996207
1
0.891333
0.885082
0.938314
0.943167
1
1
0.999992
1
0.891333
0.897278
0.947191
0.943167
0.99896
0.998089
0.981264
0.987448
0.984123
0.955318
0.9653
0.990458
0.785789
0.801593
0.86955
0.854924
0.999992
0.99419
0.999013
0.828728
0.868515
0.493208
0.790995
0.407471
0.463061
0.519334
0.15281
0.249318
0.359398
0.0277342
0.0810523
0.132505
0
0.00449335
0.306922
0.192145
0.72128
0.699238
0.564382
0.624204
0.429844
0.556184
0.780301
0.999547
0.992841
0.99725
0.872361
0.978835
0.992926
0.981384
0.962699
1
1
1
0.977915
0.959733
0.981043
0.992323
1
1
1
1
1
1
1
1
1
1
1
1
1
1
1
1
1
1
1
1
1
1
1
1
1
1
1
1
1
0.977915
0.990224
0.998894
0.992323
0.992841
0.999618
0.721278
0.780301
0.804697
0.571133
0.56989
0.699238
0.188308
0.301402
0.353697
0.197351
0.416192
0.283008
0.809332
0.811705
0.69129
0.683704
0.656363
0.782533
0.861209
1
1
0.999389
1
1
1
1
1
1
1
1
1
1
1
1
1
1
1
1
1
1
1
1
0.809332
0.861208
0.857468
0.824098
0.69129
0.811705
0.283008
0.416192
0.401911
0.386963
0.313616
0.195334
0.677087
0.707514
0.579699
0.514667
0.662948
0.786206
0.735871
0.976775
0.962391
1
1
1
1
1
1
1
1
1
1
1
1
0.976775
0.677087
0.735869
0.704869
0.846603
0.579699
0.707514
0.195334
0.313616
0.263802
0.390618
0.0831914
0.0297333
0.320317
0.374084
0.265459
0.175515
0.440348
0.564237
0.372543
0.693609
0.62801
0.941423
0.884845
0.917359
0.946667
0.916657
0.98211
0.99447
0.984944
0.965067
1
1
1
1
1
1
1
1
1
1
1
1
1
1
1
1
0.98211
0.99447
0.999645
0.993133
1
1
0.693609
0.320145
0.375314
0.321501
0.667704
0.248319
0.368327
0.0297333
0.0831914
0.0331244
0.201509
0
0
0.0281201
0.00467005
0
0.0925923
0.168114
0.0686656
0.0460933
0.257267
0.219577
0.182811
0.0847026
0.565158
0.332881
0.295237
0.539484
0.498467
0.469781
0.309671
0.872994
0.599712
0.571141
0.702485
0.688621
0.507535
0.999487
0.987222
0.871914
0.881873
0.934161
0.926981
0.904897
0.953087
0.949435
0.900348
1
1
0.917437
0.91603
0.960996
0.962083
0.904897
0.953087
0.957524
0.911094
1
1
0.688621
0.702485
0.539484
0.571141
0.599712
0.423359
0.915676
0.469781
0.498467
0.257267
0.295237
0.332881
0.19256
0.660228
0.182811
0.219577
0.0281201
0.0460933
0.0686656
0.0148931
0.260631
0
0
0
0
0
0.0199487
0
0.014815
0.00539133
0
0.16747
0.026083
0.071767
0.0549463
0.00278515
0.318306
0.0852525
0.102201
0.0969367
0.0157598
0.413178
0.0969367
0.071767
0.0852525
0.011484
0.388409
0.0549463
0.014815
0.026083
0
0.25405
0.00539133
0
0
0
0.0765842
0
0
0
0
0
0
0
0
0
0
0
0
0
0
0
0
0
0
0
0
0
0
0
0
0
0
0
0
0
0
0
0
0
0
0
0
0
0
0
0
0
0
0
0
0
0
0
0
0
0
0
0
0
0
0
0
0
0
0
0
0
0
0
0
0
0
0
0
0
0
0
0
0
0
0
0
0
0
0
0
0
0
0
0
0
0
0
0
0
0
0
0
0
0
0
0
0
0
0
0
0
0
0
0
0
0
0
0
0
0
0
0
0
0
0
0
0
0
0
0
0
0
0
0
0
0
0
0
0
0
0
0
0
0
0
0
0
0
0
0
0
0
0
0
0
0
0
0
0
0
0
0
0
0
0
0
0
0
0
0
0
0
0
0
0
0
0
0
0
0
0
0
0
0
0
0
0
0
0
0
0
0
0
0
0
0
0
0
0
0
0
0
0
0
0
0
0
0
0
0
0
0
0
0
0
0
0
0
0
1
1
1
1
1
1
1
1
1
1
1
1
1
1
1
1
1
1
1
1
0.947191
0.897278
1
1
1
1
1
1
1
1
1
1
1
1
1
1
1
1
1
1
1
1
0.938314
0.885082
1
0.996207
0.997467
0.991404
1
1
1
1
1
1
1
1
1
1
1
1
1
1
1
1
1
1
1
1
1
1
1
1
1
1
1
1
1
1
1
1
1
1
1
1
1
1
1
1
1
1
1
1
1
1
1
1
1
1
1
1
1
1
1
1
1
1
1
1
1
1
1
1
1
1
1
1
1
1
1
1
1
1
1
1
1
1
1
1
1
1
1
1
1
1
1
1
1
1
1
1
1
1
1
1
1
1
1
1
1
1
1
1
1
0.98877
0.99954
0.998271
0.996811
0.979632
1
1
1
1
1
1
0.993904
1
0.999976
1
1
1
1
1
1
1
1
1
1
1
1
1
1
1
1
1
1
1
1
1
1
1
1
1
1
1
1
1
1
1
1
1
1
1
1
1
1
1
1
1
1
1
1
1
1
0.988156
0.99954
0.999976
1
0.99419
1
1
1
1
1
1
0.979632
0.996811
0.998271
1
1
1
1
1
1
1
1
1
1
1
1
0.994115
0.998246
0.96591
0.978545
0.99896
1
0.999366
0.999903
0.990458
1
0.86955
0.801593
0.9653
0.981264
0.998089
1
1
0.999903
0.999366
0.998246
1
0.931349
0.948101
0.978545
0.96591
0.994115
0.974688
1
0.836631
0.766294
0.94198
0.884184
0.904059
1
1
0.990172
0.998364
1
1
1
1
1
1
1
1
0.998894
0.990224
1
1
1
1
1
1
1
1
1
1
1
1
1
1
1
1
1
1
1
1
1
1
1
1
1
0.978835
0.992926
0.998627
0.990171
1
1
1
0.981043
0.959733
1
0.962699
0.981384
1
1
1
1
1
1
1
1
1
1
1
1
1
1
1
1
1
1
1
1
1
1
1
1
1
1
1
1
1
1
1
1
1
1
1
1
1
1
1
1
1
1
1
1
1
1
1
1
1
1
1
1
1
1
1
1
1
1
1
1
1
1
1
1
1
1
1
1
1
1
1
1
1
1
1
1
1
1
1
1
1
1
1
1
1
1
1
1
1
1
1
1
1
1
1
1
1
1
1
1
1
1
1
1
1
1
1
1
1
1
1
1
1
1
1
1
1
1
1
1
1
1
1
1
1
1
1
1
1
1
1
1
1
1
1
1
1
1
1
1
1
1
1
1
1
1
1
1
1
1
1
1
1
1
1
1
1
1
1
1
1
1
1
1
1
1
1
1
1
1
1
1
1
1
1
1
1
1
1
1
1
1
1
1
1
1
1
1
1
1
1
1
1
1
1
1
1
1
1
1
1
1
1
1
1
0.59566
0.766867
0.761407
0.836926
0.842066
0.800742
0.816363
0.91603
0.856018
0.857641
0.849795
0.911094
0.775843
1
0.957524
0.960996
0.59566
0.766867
0.775843
0.849795
0.842066
0.856018
0.871914
0.881873
0.816363
0.800742
0.836926
0.900348
0.761407
1
0.949435
0.926981
0.934161
1
1
1
1
1
1
1
1
1
1
1
1
1
1
1
1
1
1
1
1
1
1
1
1
1
1
1
1
1
1
1
1
1
1
1
1
1
1
1
1
1
1
1
1
1
1
1
1
1
1
1
1
1
1
1
1
1
1
1
1
1
1
1
1
1
1
1
1
1
1
1
1
1
1
1
1
1
1
1
1
1
1
1
1
1
1
1
1
1
1
1
1
1
1
1
1
1
1
1
1
1
1
1
1
1
1
1
1
1
1
1
1
1
1
1
1
1
1
1
1
1
1
1
1
1
1
1
1
1
1
1
1
1
1
1
1
1
1
1
1
1
1
1
1
1
1
1
1
1
1
1
1
1
1
1
1
1
1
1
1
1
1
1
1
1
1
1
1
1
1
1
1
1
1
1
1
1
1
1
1
1
1
1
1
1
1
1
1
1
1
1
1
1
1
1
1
1
1
1
1
1
1
1
1
1
1
1
1
1
1
1
1
1
1
1
1
1
1
1
1
1
1
1
1
1
1
1
1
1
1
1
1
1
1
1
1
1
1
1
1
1
1
1
1
1
1
1
1
1
1
1
1
1
1
1
1
1
1
0.837767
0.888701
0.855793
0.804283
0.938679
0.960444
0.843261
0.877679
1
1
0.976732
0.993133
0.866726
0.914827
1
0.999645
1
1
1
1
1
1
1
1
1
1
1
1
1
1
1
1
1
1
1
0.837767
0.888701
0.914827
0.866726
0.976732
0.960444
1
0.884845
0.917359
0.877679
0.843261
0.938679
0.965067
0.804283
0.855793
1
0.984944
0.917682
0.946667
1
1
1
1
1
1
1
1
1
1
1
1
1
1
1
1
1
1
1
1
1
1
1
1
1
1
1
1
1
1
1
1
1
1
1
1
1
1
1
1
1
1
1
1
1
1
1
1
1
1
1
1
1
1
1
1
1
1
1
1
1
1
1
1
1
1
1
1
1
1
1
1
1
1
1
1
1
1
1
1
1
1
1
1
1
1
1
1
1
1
1
1
1
1
1
1
1
1
1
1
1
1
1
1
1
1
1
1
1
1
1
1
1
1
1
1
1
1
1
1
1
1
1
1
1
1
1
1
1
1
1
1
1
1
1
1
1
1
1
1
1
1
1
1
1
1
1
1
1
1
1
1
1
1
1
1
1
1
1
1
1
1
1
1
1
1
1
1
1
1
1
1
1
1
1
1
1
1
1
1
1
1
1
1
1
1
1
1
1
1
1
1
1
1
1
1
1
1
1
1
1
1
1
1
1
1
1
1
1
1
1
1
1
1
1
1
1
1
1
1
1
1
1
1
1
1
1
1
1
1
1
1
1
1
1
0
0
0.0284708
0.13277
0.206248
0.206248
0.13277
0.0284708
0
0
0
0
0.0230205
0.0028065
0
0.0028065
0.0230205
0
0
0
0
0
0.0046441
0.258634
0.308673
0.249089
0.201879
0.461812
0.400839
0.349427
0.407083
0.2154
0.177937
0.233113
0.275835
0.66502
0.708647
0.639833
0.596593
0.825832
0.761899
0.727973
0.78931
0.547466
0.507681
0.58353
0.624726
0.825063
0.851354
0.875573
0.814508
0.743048
0.959204
0.96579
0.971871
0.932902
0.878621
0.985017
0.984537
0.983668
0.950947
0.90192
0.959204
0.949841
0.940087
0.888439
0.826769
0.910312
0.860167
0.825832
0.761899
0.799053
0.854183
0.547466
0.584561
0.662744
0.624726
0.66502
0.617972
0.550511
0.596593
0.461812
0.400839
0.451986
0.515715
0.2154
0.254025
0.31929
0.275835
0.143283
0.629244
0.691694
0.657848
0.595748
0.852766
0.821409
0.771567
0.804382
0.691277
0.638053
0.684477
0.736118
0.938511
0.961759
0.98223
0.963951
0.935298
1
1
1
1
1
1
1
1
1
1
1
1
1
1
1
0.997276
0.999297
1
0.999737
0.958113
0.935274
0.852766
0.821409
0.865617
0.894842
0.691277
0.740809
0.790053
0.736118
0.276176
0.804599
0.85684
0.847537
0.794815
0.968385
0.963663
0.933149
0.939528
0.936301
0.898109
0.914626
0.948545
1
1
1
1
1
1
1
1
1
1
1
1
1
1
0.968384
0.963661
0.985156
0.988138
0.934273
0.96537
0.974128
0.948544
0.228879
0.748198
0.805632
0.827662
0.772998
0.938718
0.950647
0.91727
0.901778
0.968974
0.940187
0.935155
0.963462
1
1
1
1
1
1
1
1
1
1
1
1
0.999848
1
0.938716
0.950646
0.975645
0.96732
0.968972
0.988577
0.985109
0.963461
0.0680223
0.473769
0.534709
0.574282
0.515787
0.705604
0.752134
0.698286
0.651514
0.859906
0.813608
0.777775
0.825732
0.946091
0.968581
0.984633
0.995821
0.999825
1
1
1
1
1
1
1
1
1
1
1
1
1
0.84645
0.882113
0.70523
0.748387
0.799414
0.753229
0.859906
0.899949
0.873198
0.825732
0
0.0838082
0.115675
0.15773
0.126089
0.229752
0.288343
0.242819
0.189374
0.475646
0.420214
0.363042
0.415324
0.398055
0.438544
0.515705
0.472528
0.566006
0.642187
0.594784
0.52578
0.741869
0.775975
0.696033
0.731256
0.800479
0.772674
0.80623
0.871345
0.851717
0.785076
0.94936
0.963204
0.967285
0.97332
0.978241
0.996723
0.999899
0.98994
0.989297
0.999949
0.999972
0.999976
0.988107
0.999812
0.999903
1
1
0.855375
0.914212
0.80623
0.871345
0.887222
0.823633
0.973482
0.963204
0.696033
0.668646
0.7457
0.772674
0.566006
0.642187
0.680323
0.603429
0.812822
0.775975
0.398055
0.35632
0.427585
0.472528
0.229752
0.288343
0.334807
0.271507
0.475646
0.530118
0.460857
0.415324
0.00467005
0
0
0
0.00855663
0
0
0
0
0
0.00343565
0.0418291
0.00192118
0.0141648
0.0349089
0.120746
0.244218
0.0884572
0.11502
0.131502
0.287994
0.465908
0.194782
0.217231
0.231292
0.406927
0.243589
0.236081
0.231292
0.406927
0.194782
0.1655
0.131502
0.287994
0.465908
0.0884572
0.0607663
0.0349089
0.120746
0.244218
0.00192118
0
0
0.00343565
0.0418291
0
0
0
0
0
0
0
0
0
0
0
0
0
0
0
0
0
0
0
0.000162935
0
0
0
0
0.0146243
0
0
0
0
0.0146243
0
0
0
0
0.000162935
0
0
0
0
0
0
0
0
0
0
0
0
0
0
0
0
0
0
0
0
0
0
0
0
0
0
0
0
0
0
0
0
0
0
0
0
0
0
0
0
0
0
0
0
0
0
0
0
0
0
0
0
0
0
0
0
0
0
0
0
0
0
0
0
0
0
0
0
0
0
0
0
0
0
0
0
0
0
0
0
0
0
0
0
0
0
0
0
0
0
0
0
0
0
0
0
0
0
0
0
0
0
0
0
0
0
0
0
0
0
0
0
0
0
0
0
0
0
0
0
0
0
0
0
0
0
0
0
0
0
0
0
0
0
0
0
0
0
0
0
0
0
0
0
0
0
1
1
1
1
1
1
1
1
0.90192
0.950947
0.983668
0.984537
1
1
1
1
1
1
1
0.878621
0.932902
0.971871
0.96579
1
1
1
1
1
1
1
1
1
1
1
1
1
1
1
1
1
1
1
1
1
1
1
1
1
1
1
1
1
1
1
1
1
1
1
1
1
1
1
1
1
1
1
1
1
1
1
1
1
1
0.997701
0.999949
1
0.999742
1
1
1
1
1
1
1
1
1
1
1
1
1
1
1
1
1
0.997701
0.999742
1
0.999962
1
1
1
1
0.999825
1
1
1
1
1
1
1
1
1
1
1
1
1
0.970197
0.991439
0.999906
0.999064
0.997587
0.991976
1
1
1
1
1
1
0.997612
0.998604
1
0.999982
1
1
1
1
1
1
1
1
1
1
1
1
1
1
1
1
1
0.997612
0.999982
1
0.998604
1
1
1
1
1
1
0.991422
0.9976
0.999906
0.991439
0.999174
0.970197
1
1
1
1
1
1
0.999163
0.995491
1
1
1
1
0.987979
0.999888
1
1
1
1
1
1
1
1
0.826769
0.888439
0.940087
0.949841
1
1
1
1
1
1
1
1
0.987979
0.995491
1
0.999888
0.999162
1
1
1
1
1
0.743048
0.814508
0.875573
0.851354
0.825063
1
1
1
1
1
1
0.996705
1
1
1
1
1
1
1
0.997276
0.999737
1
0.999297
1
1
1
1
1
1
1
1
1
1
1
1
1
1
0.996152
1
1
1
1
1
1
1
1
1
1
0.935299
0.963951
0.98223
0.961759
0.93851
1
1
1
1
1
1
1
1
1
1
1
1
1
1
1
1
1
1
1
1
1
1
1
1
1
1
1
1
1
1
1
1
1
1
1
1
1
1
1
1
1
1
1
1
1
1
1
1
1
1
1
1
1
1
1
1
1
1
1
1
1
1
1
1
1
1
1
1
1
1
1
1
1
1
1
1
1
1
1
1
1
1
1
1
1
1
1
1
1
1
1
0.988107
0.989297
0.999949
0.999903
0.999812
0.999972
0.999899
0.996723
0.978241
0.97332
0.967285
1
1
1
1
1
1
1
1
1
1
1
1
1
1
1
1
1
1
1
1
1
1
1
1
1
1
1
1
1
1
1
1
1
1
1
1
1
1
1
1
1
1
1
1
1
1
1
1
1
1
1
1
1
1
1
1
1
1
1
1
1
1
1
1
1
1
1
1
1
1
1
1
1
1
1
1
1
1
1
1
1
1
1
1
1
1
1
1
1
1
1
1
1
1
1
1
1
1
1
1
1
1
1
1
1
0.766316
0.822087
0.871371
0.83507
0.793625
0.98133
0.968741
0.936184
0.8955
1
1
1
1
1
1
1
1
1
1
1
1
1
1
1
1
1
1
1
1
0.8955
0.936184
0.968741
0.98133
0.793625
0.83507
0.871371
0.822086
0.766316
0.995729
0.985341
0.969321
0.945833
1
1
1
1
1
1
1
1
1
1
1
1
1
1
1
1
1
1
1
1
1
1
1
1
1
1
1
1
1
1
1
1
1
1
1
1
1
1
1
1
1
1
1
1
1
1
1
1
1
1
1
1
1
1
1
1
1
1
1
1
1
1
1
1
1
1
1
1
1
1
1
1
1
0.467074
0.429527
0.233058
0.170894
0.315494
0.351347
0.385911
0.124005
0.242006
0.278861
0.350393
0.294157
0.449427
0.489156
0.521435
0.41873
0.584561
0.502413
0.706668
0.686717
0.449677
0.395589
0.577279
0.600397
0.620142
0.550883
0.523843
0.492949
0.672252
0.690463
0.705045
0.650465
0.732361
0.825343
0.817977
0.568287
0.554104
0.731958
0.739408
0.74758
0.716037
0.589411
0.582351
0.762556
0.764558
0.766206
0.757026
0.833137
0.825343
0.833137
0.568287
0.582351
0.762556
0.757026
0.74758
0.764558
0.523843
0.554104
0.731958
0.716037
0.705045
0.739408
0.817977
0.706668
0.732361
0.449677
0.492949
0.672252
0.650465
0.620142
0.690463
0.350393
0.395589
0.577279
0.550883
0.521435
0.600397
0.686717
0.467074
0.502413
0.233058
0.294157
0.449427
0.41873
0.385911
0.489155
0.124005
0.170894
0.315494
0.278861
0.242006
0.351347
0.507681
0.429527
0.634522
0.581881
0.472794
0.51968
0.304095
0.362859
0.617972
0.680001
0.727174
0.575593
0.515715
0.740809
0.694851
0.31929
0.254025
0.451986
0.550511
0.953816
0.93106
0.843255
0.876366
0.770313
0.910312
0.948827
0.905553
0.854183
0.971216
0.662744
0.799053
0.860167
0.963022
0.924817
0.911952
0.895687
0.994317
0.978974
0.975788
1
1
0.999158
0.998969
0.998709
0.999268
0.999241
0.978974
0.981158
0.998257
0.997732
0.998646
1
0.994955
0.975122
0.911952
0.924668
0.953816
0.971216
0.905553
0.876366
0.948827
0.708647
0.770313
0.727174
0.843255
0.78931
0.93106
0.58353
0.727973
0.639833
0.634522
0.694851
0.575593
0.51968
0.680001
0.258634
0.308673
0.362859
0.304095
0.472794
0.407083
0.638053
0.581881
0.233113
0.177937
0.349427
0.201879
0.249089
0.921276
0.881193
0.835567
0.876956
0.670503
0.730203
0.958114
0.973733
0.916851
0.894842
0.965371
0.953523
0.790053
0.865617
0.935275
0.999391
0.99337
0.999506
0.994119
0.999467
1
1
1
1
1
1
1
1
1
1
1
1
1
1
1
1
1
1
0.999506
1
1
1
1
1
1
1
0.99995
1
0.999991
1
0.921275
0.953522
0.916851
0.876956
0.973732
0.629244
0.691694
0.730203
0.670503
0.835567
0.804382
0.898109
0.881192
0.684477
0.771567
0.595748
0.657848
0.970923
0.942807
0.941996
0.970335
0.807963
0.860004
1
1
0.989437
0.988139
0.988578
0.98979
0.974129
0.985158
1
1
1
1
1
1
1
1
1
1
1
1
1
1
1
1
1
1
1
1
0.970922
0.989788
0.989435
0.970334
1
0.804599
0.85684
0.860004
0.807963
0.941994
0.939526
0.940185
0.942805
0.914625
0.933147
0.789445
0.847537
0.886627
0.839217
0.887474
0.926185
0.731216
0.789142
0.999848
0.997885
0.993955
0.999787
0.95707
0.967321
0.899949
0.92415
0.985111
0.975647
1
1
1
1
1
1
1
1
1
1
1
1
1
1
1
1
1
1
1
0.886627
0.92415
0.957069
0.926184
0.999787
0.993955
0.997884
0.748196
0.805632
0.789142
0.731214
0.887473
0.901777
0.813608
0.839217
0.932733
0.917269
0.772998
0.82766
0.541216
0.486733
0.598469
0.652181
0.425644
0.484346
0.84645
0.80255
0.702676
0.755811
0.530118
0.588849
0.873198
0.801417
0.884031
0.943923
0.969025
0.99994
0.995985
0.999919
1
1
1
1
1
1
1
1
1
1
0.998775
1
1
0.999845
1
1
1
0.99994
1
1
1
1
1
1
1
1
1
1
1
0.541216
0.588849
0.706763
0.652725
0.80255
0.462691
0.529456
0.475031
0.406043
0.595514
0.649437
0.420214
0.486733
0.777775
0.69279
0.515787
0.574282
0.12318
0.094565
0.13936
0.174068
0.052553
0.0779395
0.35632
0.281808
0.324248
0.210536
0.271507
0.147637
0.460857
0.334807
0.427585
0.404995
0.369637
0.448001
0.486176
0.366499
0.668646
0.585388
0.621519
0.522031
0.603429
0.4385
0.812822
0.680323
0.7457
0.646798
0.624963
0.708734
0.730596
0.654098
0.855375
0.783989
0.748781
0.823633
0.665091
0.973482
0.887222
0.914212
0.89273
0.943216
0.984902
0.982502
0.999999
0.998491
0.997679
0.999119
0.998885
0.91253
0.958649
0.984902
0.987415
1
0.999619
0.999787
0.999119
0.999508
0.646798
0.665091
0.748781
0.730596
0.783989
0.731256
0.654098
0.621519
0.708734
0.785076
0.624963
0.94936
0.851717
0.800479
0.404995
0.4385
0.522031
0.486176
0.585388
0.438637
0.366499
0.324248
0.448001
0.52578
0.369637
0.741869
0.600749
0.509568
0.12318
0.147637
0.210536
0.174068
0.281808
0.0838082
0.115675
0.0779395
0.052553
0.13936
0.189374
0.094565
0.363042
0.242819
0.126089
0.15773
0
0
0.000294951
0.0607663
0.0367824
0.1655
0.0939394
0.236081
0.0939394
0.217231
0.0367824
0.11502
0.000294951
0.0141648
0
0
0
0
0
0
0
0
0
0
0
0
0
0
0
0
0
0
0
0
0
0
0
0
0
0
0
0
0
0
0
0
0
0
0
0
0
0
0
0
0
0
0
0
0
0
0
0
0
0
0
0
0
0
0
0
0
0
0
0
0
0
0
0
0
0
1
1
1
1
1
1
1
1
0.981158
1
1
0.998257
0.998646
0.998709
0.997732
0.999158
0.999241
0.998969
1
1
1
1
1
1
1
1
1
0.975788
0.994317
1
1
1
1
1
1
1
1
1
1
1
1
1
1
1
1
1
1
1
1
1
1
1
1
1
1
1
1
1
1
1
1
1
1
1
1
1
1
1
1
1
1
1
1
1
1
1
1
1
1
1
1
1
1
1
1
1
1
1
1
1
1
1
1
1
1
0.999109
1
1
1
1
1
1
1
1
1
1
1
1
1
1
1
1
1
1
1
1
0.999108
1
1
1
1
1
1
1
1
1
1
1
1
1
1
1
1
1
1
1
1
1
1
1
1
1
1
1
1
1
0.999804
1
1
1
1
1
1
1
1
0.999908
1
1
0.999649
1
1
1
1
1
1
1
1
1
1
1
1
1
1
1
1
1
1
1
1
1
1
1
1
1
1
1
1
1
1
1
1
1
1
1
1
1
1
1
1
1
1
1
1
1
1
1
1
1
1
1
1
1
0.999649
1
1
0.999876
1
1
1
1
1
1
0.999804
1
1
1
1
1
1
1
1
1
1
0.999863
1
0.987359
1
0.999999
0.994955
1
1
1
1
1
1
1
1
1
1
1
1
1
1
1
0.924668
0.975122
1
1
1
1
1
1
1
1
1
1
1
0.999999
1
1
1
1
1
1
0.963021
0.987359
1
1
0.999863
1
1
1
0.895687
0.924817
1
1
1
1
1
1
1
1
1
1
0.999764
1
0.999927
1
1
1
1
1
1
1
0.999991
1
1
0.99995
1
1
1
1
1
1
1
1
1
1
1
1
1
1
1
0.999391
1
1
0.999958
1
1
0.999764
1
1
1
1
1
1
1
1
1
0.994119
0.99337
0.999467
1
1
1
1
1
1
1
1
1
1
1
1
1
1
1
1
1
1
1
1
1
1
1
1
1
1
1
1
1
1
1
1
1
1
1
1
1
1
1
1
1
1
1
1
1
1
1
1
1
1
0.828388
0.91253
0.851438
0.987415
0.999619
0.999508
0.999787
1
0.958649
0.851438
0.89273
0.828388
0.982502
0.998491
0.998885
0.997679
0.999999
0.943216
1
1
1
1
1
1
1
1
1
1
1
1
1
1
1
1
1
1
1
1
1
1
1
1
1
1
1
1
1
1
1
1
1
1
1
1
1
1
1
1
1
1
1
1
1
1
1
1
1
1
1
1
1
1
1
1
1
1
1
1
1
1
1
1
1
1
1
1
1
1
1
1
1
1
0.928178
0.902395
0.911128
0.998775
0.989214
0.996489
0.999515
1
0.999845
0.998524
0.951498
1
1
1
1
1
1
1
1
1
1
1
1
1
1
1
1
1
1
1
1
1
1
1
0.928178
0.951498
0.989214
0.996489
0.998524
1
0.999515
0.943923
0.911128
0.902395
0.995985
0.99996
1
1
1
1
0.969025
1
1
1
1
1
1
1
1
1
1
1
1
1
1
1
1
1
1
1
1
1
1
1
1
1
1
1
1
1
1
1
1
1
1
1
1
1
1
1
1
1
1
1
1
1
1
1
1
0.110517
0.277702
0.375413
0.375413
0.277702
0.110517
0.075118
0.0353371
0.00167409
0.0333778
0.0850905
0.029641
0.00493209
0.199969
0.244509
0.191855
0.142324
0.523393
0.572705
0.61741
0.53953
0.465622
0.799032
0.768945
0.697291
0.618631
0.523393
0.479127
0.433103
0.362778
0.285601
0.165816
0.0850905
0.029641
0.00493209
0.243918
0.359414
0.30597
0.233984
0.617524
0.676284
0.629224
0.57614
1
1
1
0.90901
0.873263
0.833877
0.792482
0.50839
0.379106
0.306496
0.233984
0.408445
0.547794
0.521944
0.489483
0.836965
0.884844
0.872906
0.854695
1
1
1
1
1
1
0.995128
0.991046
0.999793
0.999998
0.985767
0.683359
0.547794
0.525067
0.487366
0.345787
0.482332
0.527993
0.547898
0.840267
0.887708
0.896965
0.902776
1
1
1
1
1
1
1
0.995753
0.997263
1
1
1
0.998623
0.999995
1
1
0.620001
0.491271
0.528827
0.541473
0.143815
0.239802
0.310322
0.386192
0.624016
0.681075
0.724852
0.761672
1
1
1
0.915346
0.87801
0.910633
0.933306
0.34868
0.239802
0.310322
0.386192
0
0.00699101
0.0410322
0.0983133
0.211327
0.257097
0.31119
0.364683
0.545196
0.590246
0.632479
0.702922
0.840053
0.861698
0.885633
0.934373
1
0.958595
0.947843
0.980768
0.840053
0.814382
0.784588
0.845165
0.545196
0.497818
0.448704
0.513834
0.582835
0.0372128
0.00699101
0.0425662
0.0950891
1
1
1
1
1
1
1
1
1
1
1
1
1
1
1
1
1
1
1
1
1
1
1
1
1
1
1
1
1
1
1
1
1
1
1
1
1
1
1
1
0.158925
0.12721
0.0353371
0.00901118
0.0596405
0.0827794
0.104842
0.000112595
0.0395354
0.075118
0.170076
0.205534
0.136291
0.186745
0.00167409
0.390207
0.535165
0.618631
0.663164
0.753965
0.810855
0.838358
0.838358
0.810855
0.753965
0.663164
0.535165
0.390207
0.465622
0.158925
0.186745
0.170076
0.136291
0.104842
0.205534
0.000112595
0.00901118
0.0596405
0.0395354
0.0827794
0.12721
0.156974
0.165816
0.526888
0.467569
0.413559
0.781959
0.73545
0.684726
0.745089
0.792482
0.285601
0.362778
0.433103
0.479127
0.902658
0.860622
0.823786
0.977697
0.962721
0.983742
0.697291
0.768945
0.799032
1
1
0.983742
0.962721
0.977696
0.781959
0.823786
0.860622
0.902658
0.53953
0.61741
0.572705
0.745089
0.684726
0.73545
0.413559
0.467569
0.526888
0.57614
0.142324
0.191855
0.244509
0.199969
0.156974
0.0333778
0.434146
0.497569
0.833927
0.813152
0.758662
0.984819
0.965611
0.977465
0.985768
0.833877
0.873264
0.90901
1
1
1
1
1
1
0.977464
0.96561
0.984819
0.758662
0.813152
0.833927
0.854693
0.629224
0.676285
0.617524
0.426921
0.256661
0.555926
0.683359
0.905995
0.907754
0.863296
1
1
0.999214
0.999184
1
1
0.998624
0.999995
1
0.998767
0.991047
0.995129
0.999998
0.999793
1
1
1
1
1
1
1
1
1
1
1
1
1
1
1
0.998766
1
0.999213
1
1
0.999183
1
1
0.863296
0.907753
0.905993
0.902775
0.872906
0.884843
0.836964
0.555926
0.408445
0.445065
0.620001
0.790194
0.819332
0.765941
0.987386
0.967325
0.954286
0.933307
0.997263
1
1
1
0.995754
1
1
1
1
1
1
1
1
1
1
1
1
1
1
1
1
1
0.954285
0.967324
0.987386
0.765941
0.81933
0.790194
0.761672
0.893526
0.887708
0.840266
0.445065
0.357417
0.167109
0.34868
0.425079
0.485465
0.429889
0.747342
0.70383
0.642779
0.582835
0.910633
0.87819
0.91698
1
1
1
1
1
1
0.642779
0.70383
0.747342
0.426899
0.485615
0.431145
0.373767
0.724852
0.681075
0.624016
0.15809
0.143815
0
0.0372128
0.513834
0.448704
0.497818
0.845165
0.784588
0.814382
0.980768
0.947843
0.958595
1
1
0.934373
0.885633
0.861698
0.702922
0.632479
0.590246
0.31119
0.257097
0.211327
1
1
1
1
1
1
1
1
1
1
1
1
1
1
1
1
1
1
1
1
1
1
1
1
1
1
1
1
1
1
1
1
1
1
1
1
1
1
1
1
1
1
1
1
1
1
1
1
1
1
1
1
1
1
1
1
1
1
1
1
1
1
1
1
1
1
1
1
1
1
1
1
1
1
1
1
1
1
1
1
1
1
1
1
1
1
1
1
1
1
1
1
1
1
1
1
1
1
1
1
1
1
1
1
1
1
1
1
1
1
1
1
1
1
1
1
1
1
1
1
1
1
1
1
1
1
1
1
1
1
0
0
0
0
0.352378
0.29856
0.338272
0.290877
0.74847
0.686198
0.696777
0.655041
0.884659
0.83182
0.696777
0.73482
0.568002
0.502108
0.338272
0.385924
0.750404
0.716772
0.782546
0.731558
1
1
1
0.930073
0.903682
0.782546
0.828596
0.902108
0.894191
0.957471
0.925262
1
1
1
1
0.998433
0.99724
1
1
1
0.999976
1
1
0.957469
0.980888
0.857146
0.876041
0.959296
0.927632
1
1
1
1
0.987128
0.991944
0.999651
0.998817
0.999929
1
0.959294
0.982129
0.594268
0.640621
0.792439
0.741654
1
1
1
1
0.802431
0.845185
0.783788
0.834185
0.151103
0.199017
0.347996
0.297934
0.477269
0.5566
0.712716
0.671495
0.760093
0.828141
0.924086
0.906873
0.842728
0.903077
0.924086
0.937616
0.637723
0.714889
0.712716
0.750665
0.313923
0.381458
0.347996
0.398516
0
0
1
1
1
1
1
1
1
1
1
1
1
1
1
1
1
1
1
1
1
1
1
1
1
1
1
1
1
1
1
1
1
1
1
1
1
1
1
1
1
1
1
0.586429
0.530605
0.417887
0.568002
0.629272
0.639881
0.385924
0.502108
0.918907
0.892323
0.809074
0.884659
0.929705
0.940562
0.734821
0.83182
0.918907
0.940562
0.929705
0.74847
0.809074
0.892323
0.655041
0.686198
0.586429
0.639881
0.629272
0.352378
0.417887
0.530605
0.290877
0.29856
0.90378
0.861784
0.78552
0.930073
0.949237
0.938528
0.828596
0.903682
1
1
1
1
1
0.903779
0.938527
0.949237
0.750404
0.785518
0.861783
0.731558
0.716772
0.971932
0.944205
0.904977
0.998358
0.998803
1
0.999969
1
0.999129
1
0.99039
0.998924
0.999035
0.98089
0.997241
1
1
1
1
1
1
1
1
1
1
1
1
1
0.971931
0.990388
0.999034
0.998803
0.998923
0.999129
1
1
1
0.902107
0.904975
0.944203
0.925261
0.89419
0.907632
0.866804
0.841536
0.987129
0.979724
0.941258
0.98213
0.991945
1
0.999652
0.99993
0.998818
1
1
1
1
1
1
1
1
0.907631
0.941257
0.979723
0.857145
0.841536
0.866804
0.927631
0.876039
0.599712
0.539956
0.542253
0.80154
0.756902
0.653386
0.838119
0.845531
1
1
1
1
0.599712
0.653386
0.756902
0.590543
0.535972
0.543518
0.734572
0.630686
0.107093
0.313923
0.248094
0.398516
0.381458
0.407941
0.637723
0.5552
0.750665
0.714889
0.683213
0.842728
0.770458
0.937616
0.903077
0.770458
0.760093
0.683213
0.906873
0.828141
0.5552
0.483161
0.407941
0.670949
0.556386
0.248094
0.151103
0.107093
0.297934
0.199017
1
1
1
1
1
1
1
1
1
1
1
1
1
1
1
1
1
1
1
1
1
1
1
1
1
1
1
1
1
1
1
1
1
1
1
1
1
1
1
1
1
1
1
1
1
1
1
1
1
1
1
1
1
1
1
1
1
1
1
1
1
1
1
1
1
1
1
1
1
1
1
1
1
1
1
1
1
1
1
1
1
1
1
1
1
1
1
1
1
1
1
1
1
1
1
1
1
1
1
1
1
1
1
1
0.0976769
0.226223
0.226223
0.0976769
1
1
1
1
1
1
1
1
1
1
1
1
1
1
1
1
1
1
1
1
1
1
1
1
1
1
1
)
;

boundaryField
{
    inlet
    {
        type            calculated;
    }
    outlet
    {
        type            calculated;
    }
    down
    {
        type            empty;
    }
    up
    {
        type            empty;
    }
    sides
    {
        type            calculated;
    }
    cylinder1
    {
        type            calculated;
    }
}


// ************************************************************************* //
