%%MatrixMarket matrix array real general
301 1
0.99999999999964483965
0.99999999999964661601
0.99999999999964828135
0.99999999999964994668
0.99999999999965161201
0.99999999999965327735
0.99999999999965494268
0.99999999999965660802
0.99999999999965827335
0.99999999999965993869
0.99999999999966160402
0.99999999999966315833
0.99999999999966471265
0.99999999999966626696
0.99999999999966782127
0.99999999999966937558
0.99999999999967092990
0.99999999999967248421
0.99999999999967403852
0.99999999999967559283
0.99999999999967714714
0.99999999999967870146
0.99999999999968025577
0.99999999999968181008
0.99999999999968336439
0.99999999999968491871
0.99999999999968647302
0.99999999999968791631
0.99999999999968935960
0.99999999999969080289
0.99999999999969224618
0.99999999999969368947
0.99999999999969513276
0.99999999999969657605
0.99999999999969801934
0.99999999999969946263
0.99999999999970090592
0.99999999999970234921
0.99999999999970379250
0.99999999999970523579
0.99999999999970667908
0.99999999999970812237
0.99999999999970956566
0.99999999999971100895
0.99999999999971245224
0.99999999999971389553
0.99999999999971533882
0.99999999999971678211
0.99999999999971811437
0.99999999999971944664
0.99999999999972077891
0.99999999999972211118
0.99999999999972344344
0.99999999999972477571
0.99999999999972610798
0.99999999999972744025
0.99999999999972877252
0.99999999999973010478
0.99999999999973143705
0.99999999999973276932
0.99999999999973410159
0.99999999999973543385
0.99999999999973676612
0.99999999999973809839
0.99999999999973943066
0.99999999999974076292
0.99999999999974209519
0.99999999999974342746
0.99999999999974475973
0.99999999999974609199
0.99999999999974742426
0.99999999999974875653
0.99999999999975008880
0.99999999999975142106
0.99999999999975275333
0.99999999999975408560
0.99999999999975541787
0.99999999999975675014
0.99999999999975808240
0.99999999999975941467
0.99999999999976074694
0.99999999999976196818
0.99999999999976318943
0.99999999999976441067
0.99999999999976563192
0.99999999999976685316
0.99999999999976807441
0.99999999999976929566
0.99999999999977051690
0.99999999999977173815
0.99999999999977295939
0.99999999999977418064
0.99999999999977540188
0.99999999999977662313
0.99999999999977784437
0.99999999999977906562
0.99999999999978028686
0.99999999999978150811
0.99999999999978272935
0.99999999999978395060
0.99999999999978517184
0.99999999999978639309
0.99999999999978761434
0.99999999999978883558
0.99999999999979005683
0.99999999999979127807
0.99999999999979249932
0.99999999999979372056
0.99999999999979494181
0.99999999999979616305
0.99999999999979738430
0.99999999999979860554
0.99999999999979982679
0.99999999999980104803
0.99999999999980226928
0.99999999999980349052
0.99999999999980471177
0.99999999999980593302
0.99999999999980715426
0.99999999999980837551
0.99999999999980959675
0.99999999999981081800
0.99999999999981203924
0.99999999999981326049
0.99999999999981448173
0.99999999999981570298
0.99999999999981692422
0.99999999999981814547
0.99999999999981936671
0.99999999999982058796
0.99999999999982180920
0.99999999999982303045
0.99999999999982425170
0.99999999999982547294
0.99999999999982669419
0.99999999999982791543
0.99999999999982913668
0.99999999999983035792
0.99999999999983157917
0.99999999999983280041
0.99999999999983402166
0.99999999999983524290
0.99999999999983646415
0.99999999999983768539
0.99999999999983890664
0.99999999999984012788
0.99999999999984134913
0.99999999999984257038
0.99999999999984379162
0.99999999999984501287
0.99999999999984623411
0.99999999999984745536
0.99999999999984867660
0.99999999999984989785
0.99999999999985111909
0.99999999999985234034
0.99999999999985356158
0.99999999999985478283
0.99999999999985600407
0.99999999999985722532
0.99999999999985844656
0.99999999999985966781
0.99999999999986088906
0.99999999999986211030
0.99999999999986333155
0.99999999999986455279
0.99999999999986577404
0.99999999999986699528
0.99999999999986821653
0.99999999999986943777
0.99999999999987065902
0.99999999999987188026
0.99999999999987310151
0.99999999999987432275
0.99999999999987554400
0.99999999999987676524
0.99999999999987798649
0.99999999999987920773
0.99999999999988042898
0.99999999999988165023
0.99999999999988287147
0.99999999999988409272
0.99999999999988531396
0.99999999999988653521
0.99999999999988775645
0.99999999999988897770
0.99999999999989019894
0.99999999999989130917
0.99999999999989241939
0.99999999999989352961
0.99999999999989463983
0.99999999999989575006
0.99999999999989686028
0.99999999999989797050
0.99999999999989908073
0.99999999999990019095
0.99999999999990130117
0.99999999999990241140
0.99999999999990352162
0.99999999999990463184
0.99999999999990574207
0.99999999999990685229
0.99999999999990796251
0.99999999999990907273
0.99999999999991018296
0.99999999999991129318
0.99999999999991240340
0.99999999999991351363
0.99999999999991462385
0.99999999999991573407
0.99999999999991684430
0.99999999999991795452
0.99999999999991906474
0.99999999999992017496
0.99999999999992128519
0.99999999999992239541
0.99999999999992350563
0.99999999999992461586
0.99999999999992572608
0.99999999999992683630
0.99999999999992794653
0.99999999999992905675
0.99999999999993016697
0.99999999999993127719
0.99999999999993238742
0.99999999999993349764
0.99999999999993460786
0.99999999999993571809
0.99999999999993682831
0.99999999999993793853
0.99999999999993904876
0.99999999999994015898
0.99999999999994126920
0.99999999999994237943
0.99999999999994337863
0.99999999999994437783
0.99999999999994537703
0.99999999999994637623
0.99999999999994737543
0.99999999999994837463
0.99999999999994937383
0.99999999999995037303
0.99999999999995137223
0.99999999999995237143
0.99999999999995337063
0.99999999999995436983
0.99999999999995536903
0.99999999999995636824
0.99999999999995736744
0.99999999999995836664
0.99999999999995936584
0.99999999999996036504
0.99999999999996136424
0.99999999999996236344
0.99999999999996336264
0.99999999999996436184
0.99999999999996536104
0.99999999999996636024
0.99999999999996735944
0.99999999999996835864
0.99999999999996935784
0.99999999999997024602
0.99999999999997113420
0.99999999999997202238
0.99999999999997291056
0.99999999999997379874
0.99999999999997468692
0.99999999999997557509
0.99999999999997646327
0.99999999999997735145
0.99999999999997823963
0.99999999999997912781
0.99999999999998001599
0.99999999999998090416
0.99999999999998179234
0.99999999999998268052
0.99999999999998356870
0.99999999999998445688
0.99999999999998534506
0.99999999999998623323
0.99999999999998712141
0.99999999999998789857
0.99999999999998867573
0.99999999999998945288
0.99999999999999023004
0.99999999999999100719
0.99999999999999178435
0.99999999999999256151
0.99999999999999333866
0.99999999999999411582
0.99999999999999489297
0.99999999999999567013
0.99999999999999644729
0.99999999999999722444
0.99999999999999800160
0.99999999999999866773
0.99999999999999933387
1.00000000000000000000
1.00000000000000066613
1.00000000000000133227
1.00000000000000199840
