%%MatrixMarket matrix array real general
301 1
0.88730528305017331014
0.95076324097248654521
0.98001896829247114873
0.98806724928030542632
0.99590353315997126593
0.99763450483009363801
0.99851251683280006777
0.99883204680835646627
0.99911620653358257371
0.99936723691780982026
0.99949605545415187713
0.99956585490763416590
0.99962909483362505370
0.99968395222553441126
0.99972980629300312039
0.99976490058261247018
0.99978978994199452224
0.99981082969406764871
0.99982892291395608630
0.99984542779801777179
0.99985901819348799169
0.99987195550098340036
0.99988140856442608850
0.99989065777971075644
0.99989917946221118505
0.99990640006892161917
0.99991284902940880119
0.99991877038988929982
0.99992380545142345305
0.99992806258156397003
0.99993206556555846998
0.99993580059633557777
0.99993925201194100438
0.99994234966697048694
0.99994502371626381443
0.99994761262459319617
0.99995017422182741473
0.99995252631898468021
0.99995472442645871869
0.99995682826237175522
0.99995876614791501247
0.99996058844069701799
0.99996231424260417775
0.99996401597303430364
0.99996557219966175634
0.99996706658834377812
0.99996850651213609051
0.99996984892896267905
0.99997110968110780593
0.99997234898842524142
0.99997350963544107127
0.99997457126571309693
0.99997562367963555019
0.99997660159788104295
0.99997753413304768522
0.99997842481779952717
0.99997925865298875614
0.99998005705893244777
0.99998076097011801000
0.99998141154331021685
0.99998201271634723497
0.99998258685551544289
0.99998312900726282759
0.99998365644217901416
0.99998417555037910631
0.99998467511949340469
0.99998512808607453728
0.99998556225340151649
0.99998598133650917763
0.99998637668630041553
0.99998675192797770173
0.99998711214018920490
0.99998746760087275920
0.99998780123410691001
0.99998812035107953466
0.99998843051283448080
0.99998873495840556735
0.99998902529368727254
0.99998931079600750227
0.99998958341794241811
0.99998984606018981314
0.99999010200744042898
0.99999035000149694152
0.99999059472367513024
0.99999083525444720788
0.99999105859410264419
0.99999127903895035363
0.99999148521843250759
0.99999168868647159147
0.99999188390686510886
0.99999207195615003041
0.99999225344530795478
0.99999242967761448053
0.99999260399051848047
0.99999276935475034378
0.99999293371998210223
0.99999309494893906525
0.99999325007204553639
0.99999339889116622970
0.99999354334950740775
0.99999368693010481923
0.99999382856707685896
0.99999396737211498909
0.99999410129745225362
0.99999423454698477265
0.99999436298213872920
0.99999449002538065567
0.99999461093061936534
0.99999472872074368635
0.99999484105508928966
0.99999495259295756444
0.99999506129181059411
0.99999516901266360946
0.99999527521269193642
0.99999537689193063184
0.99999547660390597503
0.99999557311293851836
0.99999566698891961813
0.99999575884085822874
0.99999584744714464790
0.99999593578433365604
0.99999602221675221170
0.99999610774217984055
0.99999619168658349100
0.99999627444134508991
0.99999635537859632439
0.99999643218750700058
0.99999650856391453235
0.99999658306667338348
0.99999665617106114901
0.99999672799550776148
0.99999679935411267540
0.99999686778441565504
0.99999693538038736396
0.99999700098610999621
0.99999706521953990457
0.99999712801068407764
0.99999719042134360691
0.99999725044658671624
0.99999730883080684141
0.99999736604162803300
0.99999742289129578410
0.99999747770660007973
0.99999753122053858245
0.99999758434975238863
0.99999763628569748874
0.99999768810648692607
0.99999773839940875320
0.99999778777863501666
0.99999783562154564986
0.99999788216339202673
0.99999792706696788436
0.99999797059943784650
0.99999801394574117097
0.99999805692564647241
0.99999809844129272651
0.99999813873141518705
0.99999817824357772889
0.99999821674656275139
0.99999825475714165801
0.99999829218632763084
0.99999832855625303552
0.99999836443672751596
0.99999840027815900534
0.99999843491962725484
0.99999846901782785125
0.99999850259284539522
0.99999853484404588322
0.99999856637948481008
0.99999859765323717564
0.99999862766791725033
0.99999865730568671118
0.99999868625786814125
0.99999871494389325211
0.99999874280362976986
0.99999877027849692901
0.99999879727970664156
0.99999882353552782543
0.99999884946890638115
0.99999887465918746443
0.99999889912294237515
0.99999892312577653986
0.99999894681709156075
0.99999897017494654428
0.99999899344420450920
0.99999901589996820217
0.99999903769706988133
0.99999905887951567873
0.99999907974262547405
0.99999910035304229172
0.99999912064247975518
0.99999914041308590740
0.99999915984574516692
0.99999917894335865753
0.99999919771137046887
0.99999921633365651541
0.99999923465935125488
0.99999925201409411990
0.99999926919125958769
0.99999928571779073128
0.99999930203059017586
0.99999931789567220175
0.99999933347702685271
0.99999934866441431147
0.99999936378595555286
0.99999937847781339428
0.99999939285876571216
0.99999940704619316723
0.99999942106895445271
0.99999943485310305302
0.99999944847071364773
0.99999946196985833868
0.99999947533184185833
0.99999948807521554794
0.99999950078893629080
0.99999951304151668552
0.99999952516984846884
0.99999953697456989143
0.99999954861903317394
0.99999956011202362216
0.99999957128053795774
0.99999958230544172544
0.99999959320141273977
0.99999960394351417037
0.99999961467299358642
0.99999962524070862280
0.99999963558990434542
0.99999964556620146716
0.99999965537431090290
0.99999966494683811824
0.99999967443987103355
0.99999968383252657578
0.99999969292740897853
0.99999970177178654218
0.99999971046834368327
0.99999971914486773805
0.99999972764196365382
0.99999973602788461147
0.99999974422023996112
0.99999975220614090166
0.99999975983173428062
0.99999976743263940815
0.99999977472790158028
0.99999978187946703123
0.99999978891504126555
0.99999979572110930803
0.99999980247799769018
0.99999980903178486979
0.99999981546404226318
0.99999982185864000339
0.99999982811931875659
0.99999983419785531957
0.99999984020249488292
0.99999984600337188390
0.99999985159825865999
0.99999985710902550284
0.99999986256311712562
0.99999986785475503126
0.99999987303142112705
0.99999987814410684628
0.99999988314382570742
0.99999988808128270623
0.99999989288127333342
0.99999989750214701711
0.99999990195881161004
0.99999990635528035465
0.99999991054360437559
0.99999991468591697963
0.99999991872662863379
0.99999992266542792052
0.99999992650897207014
0.99999993022967204048
0.99999993386817620511
0.99999993741158066385
0.99999994088675470127
0.99999994421642257603
0.99999994751861742692
0.99999995066498392760
0.99999995374137251591
0.99999995664481788893
0.99999995949670106299
0.99999996218615183619
0.99999996478561625768
0.99999996732205409522
0.99999996981735261858
0.99999997227156867119
0.99999997468942003476
0.99999997700893938912
0.99999997922567063213
0.99999998139753454307
0.99999998349862473379
0.99999998553270819102
0.99999998750526164493
0.99999998939992862379
0.99999999115523907633
0.99999999287597407527
0.99999999444206133514
0.99999999597333100176
0.99999999746876067075
0.99999999883319135030
0.99999999999999966693
