%%MatrixMarket matrix array real general
301 1
0.98219189967558173660
0.99108702896004452487
0.99938752269058728217
0.99953972603361496141
0.99967554641383837843
0.99975587905411278378
0.99983325825112068230
0.99988583747194759166
0.99992839455569781926
0.99995160769727542416
0.99995974250497943192
0.99996682464403019441
0.99997365746344435422
0.99998030785319524938
0.99998470274461870311
0.99998714863479754023
0.99998942355020248307
0.99999066967816629958
0.99999190021902184533
0.99999309655954427001
0.99999421906409746708
0.99999487474011039545
0.99999549393681252951
0.99999602615877725142
0.99999652832381247247
0.99999701302098653599
0.99999743519258987856
0.99999773527718949229
0.99999799467708783141
0.99999820414061357798
0.99999840538740614182
0.99999859652449352154
0.99999877456875019277
0.99999894728145943823
0.99999910970194139104
0.99999922479016423171
0.99999931220699911361
0.99999938840914615046
0.99999944876679680572
0.99999950191379738396
0.99999955286798714038
0.99999960017332722995
0.99999963309182915427
0.99999966226319048079
0.99999969005899180807
0.99999971626711248174
0.99999974028524951652
0.99999976200796569792
0.99999978335358152837
0.99999980306146929454
0.99999982058034997401
0.99999983719961726969
0.99999985138590885558
0.99999986231215043375
0.99999987237772036686
0.99999988182706467388
0.99999989076257644882
0.99999989936478494990
0.99999990773922375897
0.99999991549228661736
0.99999992267437720628
0.99999992877285959203
0.99999993394986008699
0.99999993885601989874
0.99999994361474819904
0.99999994809802827955
0.99999995228269411562
0.99999995573338762433
0.99999995883194270352
0.99999996158364279353
0.99999996399938906322
0.99999996640519683844
0.99999996857863804323
0.99999997050734390491
0.99999997236829252234
0.99999997406764662422
0.99999997574061638694
0.99999997730865353152
0.99999997881528612798
0.99999998028556524865
0.99999998160451164519
0.99999998262012723682
0.99999998361082997889
0.99999998454233485212
0.99999998539516221641
0.99999998623646213503
0.99999998698586722856
0.99999998765238795606
0.99999998823525337865
0.99999998877993434565
0.99999998931397671154
0.99999998984230997756
0.99999999034082975857
0.99999999083431367897
0.99999999131592587354
0.99999999176343334906
0.99999999219382007531
0.99999999257393457075
0.99999999294367725167
0.99999999329345057308
0.99999999363086278237
0.99999999395979377592
0.99999999428043495620
0.99999999458061894497
0.99999999486816881777
0.99999999512940862534
0.99999999537453276854
0.99999999559898000712
0.99999999581727416764
0.99999999601874156596
0.99999999621070423395
0.99999999639376979665
0.99999999656704785522
0.99999999672975514731
0.99999999688475083026
0.99999999703613373647
0.99999999717642917840
0.99999999730394895092
0.99999999742645684364
0.99999999754117585571
0.99999999765030356258
0.99999999775545789227
0.99999999785598869817
0.99999999795241345524
0.99999999804681138915
0.99999999813246542857
0.99999999821421825530
0.99999999829259178519
0.99999999836921138474
0.99999999844516407332
0.99999999851455112498
0.99999999857524923819
0.99999999863133237632
0.99999999868106193013
0.99999999872691303082
0.99999999877114653657
0.99999999881284884484
0.99999999885227597307
0.99999999889032076261
0.99999999892667523760
0.99999999896259572640
0.99999999899595937158
0.99999999902799741047
0.99999999905876202355
0.99999999908866676890
0.99999999911664394503
0.99999999914325554684
0.99999999916853932191
0.99999999919326909570
0.99999999921746784981
0.99999999924087368264
0.99999999926392380001
0.99999999928612004485
0.99999999930781191537
0.99999999932931948887
0.99999999934978733851
0.99999999936982586490
0.99999999938882067063
0.99999999940722661407
0.99999999942531070385
0.99999999944216722003
0.99999999945823569991
0.99999999947369122566
0.99999999948886364454
0.99999999950315454633
0.99999999951718965274
0.99999999953106522010
0.99999999954395579760
0.99999999955609830682
0.99999999956790697198
0.99999999957932717010
0.99999999959071428357
0.99999999960154695167
0.99999999961214491861
0.99999999962267105413
0.99999999963301855477
0.99999999964305674727
0.99999999965289654291
0.99999999966256281070
0.99999999967201502749
0.99999999968120034666
0.99999999969013964041
0.99999999969874864281
0.99999999970704256391
0.99999999971501762897
0.99999999972288744488
0.99999999973062092540
0.99999999973804820641
0.99999999974541031733
0.99999999975250208895
0.99999999975932529761
0.99999999976602738094
0.99999999977267972628
0.99999999977901410375
0.99999999978522402522
0.99999999979127696115
0.99999999979730591626
0.99999999980309084435
0.99999999980859177739
0.99999999981405440774
0.99999999981928533455
0.99999999982445075819
0.99999999982954534961
0.99999999983454168628
0.99999999983939547032
0.99999999984403731279
0.99999999984859266888
0.99999999985305798589
0.99999999985745280373
0.99999999986159648913
0.99999999986562737586
0.99999999986962873066
0.99999999987349441621
0.99999999987729337736
0.99999999988095789050
0.99999999988454768562
0.99999999988800369888
0.99999999989137333678
0.99999999989467047712
0.99999999989786936272
0.99999999990099308622
0.99999999990403110051
0.99999999990703536401
0.99999999990995269705
0.99999999991275423383
0.99999999991546240086
0.99999999991814902955
0.99999999992076371580
0.99999999992334231980
0.99999999992587684794
0.99999999992832377949
0.99999999993073429572
0.99999999993301524892
0.99999999993526833553
0.99999999993746557791
0.99999999993954435951
0.99999999994160382322
0.99999999994358956812
0.99999999994552046800
0.99999999994742039267
0.99999999994923360891
0.99999999995103550088
0.99999999995278077147
0.99999999995448518586
0.99999999995614763382
0.99999999995774613293
0.99999999995931587726
0.99999999996086963439
0.99999999996237876054
0.99999999996384913992
0.99999999996528932122
0.99999999996668775815
0.99999999996803956570
0.99999999996930133417
0.99999999997053579115
0.99999999997173860677
0.99999999997292488008
0.99999999997406463503
0.99999999997516320072
0.99999999997625010906
0.99999999997728439283
0.99999999997826483078
0.99999999997921340533
0.99999999998013899827
0.99999999998105104648
0.99999999998191557715
0.99999999998275934665
0.99999999998356792208
0.99999999998436850390
0.99999999998515320954
0.99999999998592770112
0.99999999998666011525
0.99999999998736510687
0.99999999998806032853
0.99999999998874078422
0.99999999998938682300
0.99999999999000921402
0.99999999999061472966
0.99999999999121746974
0.99999999999179722820
0.99999999999236033332
0.99999999999289057584
0.99999999999341726564
0.99999999999391886440
0.99999999999440902787
0.99999999999488020652
0.99999999999534461281
0.99999999999578459420
0.99999999999620070579
0.99999999999661459693
0.99999999999700406317
0.99999999999738131695
0.99999999999774968895
0.99999999999809996432
0.99999999999843247611
0.99999999999875044399
0.99999999999904509718
0.99999999999931565853
0.99999999999956912244
0.99999999999979116705
0.99999999999999944489
